b'$GPGGA,141417.000,3808.9016,N,12109.4882,W,1,06,1.2,24.0,M,-23.4,M,,0000*53\r\n'b'$GPGSA,A,3,02,12,25,20,24,19,,,,,,,2.2,1.2,1.8*32\r\n'b'$GPRMC,141417.000,A,3808.9016,N,12109.4882,W,51.50,18.96,210821,,,A*75\r\n'b'$GPGGA,141418.000,3808.9151,N,12109.4823,W,1,06,1.2,24.0,M,-23.4,M,,0000*55\r\n'b'$GPGSA,A,3,02,12,25,20,24,19,,,,,,,2.2,1.2,1.8*32\r\n'b'$GPGSV,3,1,12,02,79,067,38,12,73,330,34,25,39,313,32,20,31,140,31*74\r\n'b'$GPGSV,3,2,12,24,29,212,32,19,15,068,33,08,50,039,,23,21,099,*71\r\n'b'$GPGSV,3,3,12,28,17,187,,03,07,108,,05,05,152,,01,04,215,*70\r\n'b'$GPRMC,141418.000,A,3808.9151,N,12109.4823,W,51.16,18.64,210821,,,A*7C\r\n'b'$GPGGA,141419.000,3808.9286,N,12109.4766,W,1,06,1.2,24.0,M,-23.4,M,,0000*53\r\n'b'$GPGSA,A,3,02,12,25,20,24,19,,,,,,,2.2,1.2,1.8*32\r\n'b'$GPRMC,141419.000,A,3808.9286,N,12109.4766,W,50.99,18.40,210821,,,A*7A\r\n'b'$GPGGA,141420.000,3808.9420,N,12109.4710,W,1,06,1.2,24.1,M,-23.4,M,,0000*53\r\n'b'$GPGSA,A,3,02,12,25,20,24,19,,,,,,,2.2,1.2,1.8*32\r\n'b'$GPRMC,141420.000,A,3808.9420,N,12109.4710,W,50.88,18.23,210821,,,A*7E\r\n'b'$GPGGA,141421.000,3808.9555,N,12109.4654,W,1,06,1.2,24.1,M,-23.4,M,,0000*50\r\n'b'$GPGSA,A,3,02,12,25,20,24,19,,,,,,,2.2,1.2,1.8*32\r\n'b'$GPRMC,141421.000,A,3808.9555,N,12109.4654,W,50.80,18.19,210821,,,A*7C\r\n'b'$GPGGA,141422.000,3808.9689,N,12109.4598,W,1,06,1.2,24.1,M,-23.4,M,,0000*52\r\n'b'$GPGSA,A,3,02,12,25,20,24,19,,,,,,,2.2,1.2,1.8*32\r\n'b'$GPRMC,141422.000,A,3808.9689,N,12109.4598,W,50.72,18.43,210821,,,A*7C\r\n'b'$GPGGA,141423.000,3808.9822,N,12109.4541,W,1,06,1.2,24.1,M,-23.4,M,,0000*58\r\n'b'$GPGSA,A,3,02,12,25,20,24,19,,,,,,,2.2,1.2,1.8*32\r\n'b'$GPGSV,3,1,12,02,79,067,39,12,73,330,34,25,39,313,32,20,31,140,31*75\r\n'b'$GPGSV,3,2,12,24,29,212,32,19,15,068,33,08,50,039,,23,21,099,*71\r\n'b'$GPGSV,3,3,12,28,17,187,,03,07,108,,05,05,152,,01,04,215,*70\r\n'b'$GPRMC,141423.000,A,3808.9822,N,12109.4541,W,50.66,18.48,210821,,,A*78\r\n'b'$GPGGA,141424.000,3808.9956,N,12109.4486,W,1,06,1.2,24.1,M,-23.4,M,,0000*57\r\n'b'$GPGSA,A,3,02,12,25,20,24,19,,,,,,,2.2,1.2,1.8*32\r\n'b'$GPRMC,141424.000,A,3808.9956,N,12109.4486,W,50.56,18.14,210821,,,A*7D\r\n'b'$GPGGA,141425.000,3809.0089,N,12109.4430,W,1,06,1.2,24.2,M,-23.4,M,,0000*5B\r\n'b'$GPGSA,A,3,02,12,25,20,24,19,,,,,,,2.2,1.2,1.8*32\r\n'b'$GPRMC,141425.000,A,3809.0089,N,12109.4430,W,50.26,18.24,210821,,,A*76\r\n'b'$GPGGA,141426.000,3809.0221,N,12109.4375,W,1,06,1.2,24.2,M,-23.4,M,,0000*5E\r\n'b'$GPGSA,A,3,02,12,25,20,24,19,,,,,,,2.2,1.2,1.8*32\r\n'b'$GPRMC,141426.000,A,3809.0221,N,12109.4375,W,49.70,18.22,210821,,,A*7E\r\n'b'$GPGGA,141427.000,3809.0351,N,12109.4321,W,1,06,1.2,24.2,M,-23.4,M,,0000*58\r\n'b'$GPGSA,A,3,02,12,25,20,24,19,,,,,,,2.2,1.2,1.8*32\r\n'b'$GPRMC,141427.000,A,3809.0351,N,12109.4321,W,49.04,18.13,210821,,,A*79\r\n'b'$GPGGA,141428.000,3809.0480,N,12109.4267,W,1,06,1.2,24.3,M,-23.4,M,,0000*5E\r\n'b'$GPGSA,A,3,02,12,25,20,24,19,,,,,,,2.2,1.2,1.8*32\r\n'b'$GPGSV,3,1,12,02,79,067,38,12,73,330,34,25,39,313,31,20,31,140,31*77\r\n'b'$GPGSV,3,2,12,24,29,212,32,19,15,068,32,08,50,039,,23,21,099,*70\r\n'b'$GPGSV,3,3,12,28,17,187,,03,07,108,,05,05,152,,01,04,215,*70\r\n'b'$GPRMC,141428.000,A,3809.0480,N,12109.4267,W,48.34,18.02,210821,,,A*7C\r\n'b'$GPGGA,141429.000,3809.0607,N,12109.4215,W,1,06,1.2,24.3,M,-23.4,M,,0000*57\r\n'b'$GPGSA,A,3,02,12,25,20,24,19,,,,,,,2.2,1.2,1.8*32\r\n'b'$GPRMC,141429.000,A,3809.0607,N,12109.4215,W,47.88,17.97,210821,,,A*7E\r\n'b'$GPGGA,141430.000,3809.0733,N,12109.4164,W,1,06,1.2,24.5,M,-23.4,M,,0000*5A\r\n'b'$GPGSA,A,3,02,12,25,20,24,19,,,,,,,2.2,1.2,1.8*32\r\n'b'$GPRMC,141430.000,A,3809.0733,N,12109.4164,W,47.40,18.01,210821,,,A*71\r\n'b'$GPGGA,141431.000,3809.0858,N,12109.4112,W,1,06,1.2,24.6,M,-23.4,M,,0000*5B\r\n'b'$GPGSA,A,3,02,12,25,20,24,19,,,,,,,2.2,1.2,1.8*32\r\n'b'$GPRMC,141431.000,A,3809.0858,N,12109.4112,W,47.29,17.86,210821,,,A*7C\r\n'b'$GPGGA,141432.000,3809.0983,N,12109.4061,W,1,06,1.2,24.6,M,-23.4,M,,0000*5A\r\n'b'$GPGSA,A,3,02,12,25,20,24,19,,,,,,,2.2,1.2,1.8*32\r\n'b'$GPRMC,141432.000,A,3809.0983,N,12109.4061,W,47.31,17.80,210821,,,A*72\r\n'b'$GPGGA,141433.000,3809.1109,N,12109.4010,W,1,06,1.2,24.6,M,-23.4,M,,0000*56\r\n'b'$GPGSA,A,3,02,12,25,20,24,19,,,,,,,2.2,1.2,1.8*32\r\n'b'$GPGSV,3,1,12,02,79,067,38,12,73,330,34,25,39,313,31,20,31,140,31*77\r\n'b'$GPGSV,3,2,12,24,29,212,32,19,15,068,31,08,50,039,,23,21,099,*73\r\n'b'$GPGSV,3,3,12,28,17,187,,03,07,108,,05$GPGGA,141439.000,3809.1884,N,12109.3697,W,1,06,1.2,24.8,M,-23.4,M,,0000*50\r\n'b'$GPGGA,141645.000,3810.1693,N,12108.2359,W,1,06,1.2,30.1,M,-23.4,M,,0000*52\r\n'b'$GPGGA,141704.000,3810.2728,N,12107.9229,W,1,06,1.2,29.7,M,-23.4,M,,0000*58\r\n'b'7,N,12107.0461,W,50.66,61.76,210821,,,A*75\r\n'.2,27.9,M,-23.2,M,,0000*57
$GPGSA,A,3,02,12,25,20,24,19,,,,,,,2.1,1.2,1.7*3E
$GPRMC,142227.000,A,3812.4971,N,12104.1028,W,60.61,356.03,210821,,,A*48
$GPGGA,142228.000,3812.5140,N,12104.1045,W,1,06,1.2,28.5,M,-23.2,M,,0000*5B
$GPGSA,A,3,02,12,25,20,24,19,,,,,,,2.1,1.2,1.7*3E
$GPRMC,142228.000,A,3812.5140,N,12104.1045,W,60.62,355.83,210821,,,A*4F
$GPGGA,142229.000,3812.5309,N,12104.1059,W,1,06,1.2,28.8,M,-23.2,M,,0000*55
$GPGSA,A,3,02,12,25,20,24,19,,,,,,,2.1,1.2,1.7*3E
$GPRMC,142229.000,A,3812.5309,N,12104.1059,W,60.63,356.01,210821,,,A*44
$GPGGA,142230.000,3812.5479,N,12104.1073,W,1,06,1.2,29.0,M,-23.2,M,,0000*5C
$GPGSA,A,3,02,12,25,20,24,19,,,,,,,2.1,1.2,1.7*3E
$GPGSV,3,1,12,02,77,058,25,12,76,331,37,25,42,313,31,20,33,138,27*78
$GPGSV,3,2,12,24,27,210,31,19,13,070,28,08,48,041,,23,19,102,*75
$GPGSV,3,3,12,28,19,187,,03,08,106,,06,04,063,,01,02,213,*7E
$GPRMC,142230.000,A,3812.5479,N,12104.1073,W,60.74,356.03,210821,,,A*40
$GPGGA,142231.000,3812.5647,N,12104.1087,W,1,06,1.2,29.6,M,-23.2,M,,0000*5F
$GPGSA,A,3,02,12,25,20,24,19,,,,,,,2.1,1.2,1.7*3E
$GPRMC,142231.000,A,3812.5647,N,12104.1087,W,60.70,355.93,210821,,,A*4B
$GPGGA,142232.000,3812.5816,N,12104.1102,W,1,06,1.2,29.8,M,-23.2,M,,0000*54
$GPGSA,A,3,02,12,25,20,24,19,,,,,,,2.1,1.2,1.7*3E
$GPRMC,142232.000,A,3812.5816,N,12104.1102,W,60.47,355.88,210821,,,A*40
$GPGGA,142233.000,3812.5984,N,12104.1118,W,1,06,1.2,29.8,M,-23.2,M,,0000*54
$GPGSA,A,3,02,12,25,20,24,19,,,,,,,2.1,1.2,1.7*3E
$GPRMC,142233.000,A,3812.5984,N,12104.1118,W,60.09,355.66,210821,,,A*4A
$GPGGA,142234.000,3812.6150,N,12104.1133,W,1,06,1.2,30.0,M,-23.2,M,,0000*58
$GPGSA,A,3,02,12,25,20,24,19,,,,,,,2.1,1.2,1.7*3E
$GPRMC,142234.000,A,3812.6150,N,12104.1133,W,59.62,355.75,210821,,,A*43
$GPGGA,142235.000,3812.6315,N,12104.1148,W,1,06,1.2,30.5,M,-23.2,M,,0000*53
$GPGSA,A,3,02,12,25,20,24,19,,,,,,,2.1,1.2,1.7*3E
$GPGSV,3,1,12,02,77,058,25,12,76,331,37,25,42,313,32,20,33,138,27*7B
$GPGSV,3,2,12,24,27,210,31,19,13,070,29,08,48,041,,23,19,102,*74
$GPGSV,3,3,12,28,19,187,,03,08,106,,06,04,063,,01,02,213,*7E
$GPRMC,142235.000,A,3812.6315,N,12104.1148,W,59.09,355.75,210821,,,A*40
$GPGGA,142236.000,3812.6478,N,12104.1162,W,1,06,1.2,30.9,M,-23.2,M,,0000*58
$GPGSA,A,3,02,12,25,20,24,19,,,,,,,2.1,1.2,1.7*3E
$GPRMC,142236.000,A,3812.6478,N,12104.1162,W,58.39,355.74,210821,,,A*44
$GPGGA,142237.000,3812.6638,N,12104.1178,W,1,06,1.2,31.7,M,-23.2,M,,0000*5B
$GPGSA,A,3,02,12,25,20,24,19,,,,,,,2.1,1.2,1.7*3E
$GPRMC,142237.000,A,3812.6638,N,12104.1178,W,57.71,355.74,210821,,,A*4B
$GPGGA,142238.000,3812.6797,N,12104.1191,W,1,06,1.2,32.1,M,-23.2,M,,0000*52
$GPGSA,A,3,02,12,25,20,24,19,,,,,,,2.1,1.2,1.7*3E
$GPRMC,142238.000,A,3812.6797,N,12104.1191,W,57.45,356.47,210821,,,A*43
$GPGGA,142239.000,3812.6957,N,12104.1203,W,1,06,1.2,32.1,M,-23.2,M,,0000*59
$GPGSA,A,3,02,12,25,20,24,19,,,,,,,2.1,1.2,1.7*3E
$GPRMC,142239.000,A,3812.6957,N,12104.1203,W,57.38,357.46,210821,,,A*42
$GPGGA,142240.000,3812.7116,N,12104.1210,W,1,06,1.2,32.3,M,-23.2,M,,0000*5B
$GPGSA,A,3,02,12,25,20,24,19,,,,,,,2.1,1.2,1.7*3E
$GPGSV,3,1,12,02,77,058,25,12,76,331,37,25,42,313,29,20,33,138,22*74
$GPGSV,3,2,12,24,27,210,32,19,13,070,18,08,48,041,,23,19,102,*75
$GPGSV,3,3,12,28,19,187,,03,08,106,,06,04,063,,01,02,213,*7E
$GPRMC,142240.000,A,3812.7116,N,12104.1210,W,57.44,358.59,210821,,,A*48
$GPGGA,142241.000,3812.7274,N,12104.1210,W,1,05,2.2,32.8,M,-23.2,M,,0000*56
$GPGSA,A,3,02,12,25,20,24,,,,,,,,4.2,2.2,3.6*33
$GPRMC,142241.000,A,3812.7274,N,12104.1210,W,57.31,0.82,210821,,,A*44
$GPGGA,142242.000,3812.7433,N,12104.1204,W,1,05,2.2,33.2,M,-23.2,M,,0000*5E
$GPGSA,A,3,02,12,25,20,24,,,,,,,,4.2,2.2,3.6*33
$GPRMC,142242.000,A,3812.7433,N,12104.1204,W,57.53,2.13,210821,,,A*49
$GPGGA,142243.000,3812.7594,N,12104.1192,W,1,05,2.2,33.5,M,-23.2,M,,0000*58
$GPGSA,A,3,02,12,25,20,24,,,,,,,,4.2,2.2,3.6*33
$GPRMC,142243.000,A,3812.7594,N,12104.1192,W,57.81,3.89,210821,,,A*45
$GPGGA,142244.000,3812.7753,N,12104.1170,W,1,05,2.2,33.5,M,-23.2,M,,0000*5A
$GPGSA,A,3,02,12,25,20,24,,,,,,,,4.2,2.2,3.6*33
$GPRMC,142244.000,A,3812.7753,N,12104.1170,W,57.67,6.01,210821,,,A*4A
$GPGGA,142245.000,3812.7910,N,12104.1137,W,1,06,1.2,33.4,M,-23.2,M,,0000*50
$GPGSA,A,3,02,12,25,20,24,19,,,,,,,2.1,1.2,1.7*3E
$GPGSV,3,1,12,02,77,058,28,12,76,331,37,25,42,313,28,20,33,138,30*7B
$GPGSV,3,2,12,24,27,210,32,19,13,070,21,08,48,041,,23,19,102,*7F
$GPGSV,3,3,12,28,19,187,,03,08,106,,06,04,063,,01,02,213,*7E
$GPRMC,142245.000,A,3812.7910,N,12104.1137,W,57.27,8.86,210821,,,A*44
$GPGGA,142246.000,3812.8065,N,12104.1099,W,1,06,1.2,33.6,M,-23.2,M,,0000*50
$GPGSA,A,3,02,12,25,20,24,19,,,,,,,2.1,1.2,1.7*3E
$GPRMC,142246.000,A,3812.8065,N,12104.1099,W,56.86,10.39,210821,,,A*71
$GPGGA,142247.000,3812.8219,N,12104.1055,W,1,06,1.2,33.5,M,-23.2,M,,0000*5B
$GPGSA,A,3,02,12,25,20,24,19,,,,,,,2.1,1.2,1.7*3E
$GPRMC,142247.000,A,3812.8219,N,12104.1055,W,56.47,12.53,210821,,,A*7A
$GPGGA,142248.000,3812.8368,N,12104.1007,W,1,06,1.2,34.1,M,-23.2,M,,0000*57
$GPGSA,A,3,02,12,25,20,24,19,,,,,,,2.1,1.2,1.7*3E
$GPRMC,142248.000,A,3812.8368,N,12104.1007,W,55.94,14.48,210821,,,A*74
$GPGGA,142249.000,3812.8514,N,12104.0954,W,1,06,1.2,35.0,M,-23.2,M,,0000*55
$GPGSA,A,3,02,12,25,20,24,19,,,,,,,2.1,1.2,1.7*3E
$GPRMC,142249.000,A,3812.8514,N,12104.0954,W,55.34,15.85,210821,,,A*7C
$GPGGA,142250.000,3812.8659,N,12104.0896,W,1,06,1.2,35.7,M,-23.2,M,,0000*5F
$GPGSA,A,3,02,12,25,20,24,19,,,,,,,2.1,1.2,1.7*3E
$GPGSV,3,1,12,02,77,058,29,12,76,331,37,25,42,313,28,20,33,138,31*7B
$GPGSV,3,2,12,24,27,210,31,19,13,070,32,08,48,041,,23,19,102,*7E
$GPGSV,3,3,12,28,19,187,,03,08,106,,06,04,063,,01,02,213,*7E
$GPRMC,142250.000,A,3812.8659,N,12104.0896,W,55.12,17.78,210821,,,A*75
7,104,,03,10,104,,06,04,061,,01,01,211,*78$GPGGA,143441.000,3819.7724,N,12054.5126,W,1,06,1.3,128.7,M,-23.0,M,,0000*6A$GPGSA,A,3,12,02,25,20,24,19,,,,,,,2.1,1.3,1.6*3E$GPRMC,143441.000,A,3819.7724,N,12054.5126,W,46.30,63.00,210821,,,A*70$GPGGA,143442.000,3819.7781,N,12054.4980,W,1,06,1.3,130.4,M,-23.0,M,,0000*69$GPGSA,A,3,12,02,25,20,24,19,,,,,,,2.1,1.3,1.6*3E$GPRMC,143442.000,A,3819.7781,N,12054.4980,W,46.02,63.77,210821,,,A*78$GPGGA,143443.000,3819.7836,N,12054.4834,W,1,06,1.3,132.1,M,-23.0,M,,0000*62$GPGSA,A,3,12,02,25,20,24,19,,,,,,,2.1,1.3,1.6*3E$GPRMC,143443.000,A,3819.7836,N,12054.4834,W,45.54,65.65,210821,,,A*71$GPGGA,143444.000,3819.7885,N,12054.4687,W,1,06,1.3,133.9,M,-23.0,M,,0000*62$GPGSA,A,3,12,02,25,20,24,19,,,,,,,2.1,1.3,1.6*3E$GPRMC,143444.000,A,3819.7885,N,12054.4687,W,44.93,68.03,210821,,,A*7F$GPGGA,143445.000,3819.7929,N,12054.4540,W,1,06,1.3,135.5,M,-23.0,M,,0000*66$GPGSA,A,3,12,02,25,20,24,19,,,,,,,2.1,1.3,1.6*3E$GPGSV,3,1,11,12,83,334,34,02,72,048,39,25,48,312,30,20,38,133,36*74$GPGSV,3,2,11,24,22,207,27,19,09,075,32,08,43,044,,28,25,187,*70$GPGSV,3,3,11,23,15,106,,03,11,101,,06,05,058,*46$GPRMC,143445.000,A,3819.7929,N,12054.4540,W,44.47,69.70,210821,,,A*7D$GPGGA,143446.000,3819.7970,N,12054.4391,W,1,06,1.3,137.1,M,-23.0,M,,0000*65$GPGSA,A,3,12,02,25,20,24,19,,,,,,,2.1,1.3,1.6*3E$GPRMC,143446.000,A,3819.7970,N,12054.4391,W,44.48,71.15,210821,,,A*7D$GPGGA,143447.000,3819.8008,N,12054.4242,W,1,06,1.3,138.7,M,-23.0,M,,0000*6B$GPGSA,A,3,12,02,25,20,24,19,,,,,,,2.1,1.3,1.6*3E$GPRMC,143447.000,A,3819.8008,N,12054.4242,W,44.21,72.28,210821,,,A*78$GPGGA,143448.000,3819.8044,N,12054.4093,W,1,06,1.3,140.3,M,-23.0,M,,0000*69$GPGSA,A,3,12,02,25,20,24,19,,,,,,,2.1,1.3,1.6*3E$GPRMC,143448.000,A,3819.8044,N,12054.4093,W,44.13,73.09,210821,,,A*72$GPGGA,143449.000,3819.8080,N,12054.3945,W,1,06,1.3,141.7,M,-23.0,M,,0000*60$GPGSA,A,3,12,02,25,20,24,19,,,,,,,2.1,1.3,1.6*3E$GPRMC,143449.000,A,3819.8080,N,12054.3945,W,43.91,72.69,210821,,,A*74$GPGGA,143450.000,3819.8117,N,12054.3797,W,1,06,1.3,143.1,M,-23.0,M,,0000*62$GPGSA,A,3,12,02,25,20,24,19,,,,,,,2.1,1.3,1.6*3E$GPGSV,3,1,11,12,83,334,34,02,737*7C$GPGSV,3,2,11,24,22,207,22,19,09,075,32,08,43,044,,28,25,187,*75$GPGSV,3,3,11,23,15,106,,03,11,101,,06,05,058,*46$GPRMC,143450.000,A,3819.8117,N,12054.3797,W,44.01,72.02,210821,,,A*71$GPGGA,143451.000,3819.8155,N,12054.3650,W,1,06,1.3,144.2,M,-23.0,M,,0000*6B$GPGSA,A,3,12,02,25,20,24,19,,,,,,,2.1,1.3,1.6*3E$GPRMC,143451.000,A,3819.8155,N,12054.3650,W,44.10,71.02,210821,,,A*7F$GPGGA,143452.000,3819.8196,N,12054.3503,W,1,06,1.3,145.4,M,-23.0,M,,0000*65$GPGSA,A,3,12,02,25,20,24,19,,,,,,,2.1,1.3,1.6*3E$GPRMC,143452.000,A,3819.8196,N,12054.3503,W,44.53,69.72,210821,,,A*7F$GPGGA,143453.000,3819.8241,N,12054.3356,W,1,06,1.3,146.4,M,-23.0,M,,0000*68$GPGSA,A,3,12,02,25,20,24,19,,,,,,,2.1,1.3,1.6*3E$GPRMC,143453.000,A,3819.8241,N,12054.3356,W,44.90,67.99,210821,,,A*75$GPGGA,143454.000,3819.8288,N,12054.3210,W,1,06,1.3,147.3,M,-23.0,M,,0000*6F$GPGSA,A,3,12,02,25,20,24,19,,,,,,,2.1,1.3,1.6*3E$GPRMC,143454.000,A,3819.8288,N,12054.3210,W,44.70,66.95,210821,,,A*77$GPGGA,143455.000,3819.8339,N,12054.3064,W,1,06,1.3,148.0,M,-23.0,M,,0000*68$GPGSA,A,3,12,02,25,20,24,19,,,,,,,2.1,1.3,1.6*3E$GPGSV,3,1,11,12,83,334,34,02,72,048,39,25,48,312,34,20,38,133,37*71$GPGSV,3,2,11,24,22,207,26,19,09,075,32,08,43,044,,28,25,187,*71$GPGSV,3,3,11,23,15,106,,03,11,101,,06,05,058,*46$GPRMC,143455.000,A,3819.8339,N,12054.3064,W,45.63,65.74,210821,,,A*73$GPGGA,143456.000,3819.8392,N,12054.2917,W,1,06,1.3,148.8,M,-23.0,M,,0000*6E$GPGSA,A,3,12,02,25,20,24,19,,,,,,,2.1,1.3,1.6*3E$GPRMC,143456.000,A,3819.8392,N,12054.2917,W,45.98,65.34,210821,,,A*7D$GPGGA,143457.000,3819.8445,N,12054.2769,W,1,06,1.3,149.6,M,-23.0,M,,0000*6A$GPGSA,A,3,12,02,25,20,24,19,,,,,,,2.1,1.3,1.6*3E$GPRMC,143457.000,A,3819.8445,N,12054.2769,W,46.18,65.48,210821,,,A*76$GPGGA,143458.000,3819.8498,N,12054.2619,W,1,06,1.3,150.4,M,-23.0,M,,0000*69$GPGSA,A,3,12,02,25,20,24,19,,,,,,,2.1,1.3,1.6*3E$GPRMC,143458.000,A,3819.8498,N,12054.2619,W,46.70,65.76,210821,,,A*7C$GPGGA,143459.000,3819.8551,N,12054.2468,W,1,06,1.3,151.4,M,-23.0,M,,0000*69$GPGSA,A,3,12,02,25,20,24,19,,,,,,,2.1,1.3,1.6*3E$GPRMC,143459.000,A,3819.8551,N,12054.2468,W,46.93,65.91,210821,,,A*79$GPGGA,143500.000,3819.8604,N,12054.2315,W,1,06,1.3,152.4,M,-23.0,M,,0000*69$GPGSA,A,3,12,02,25,20,24,19,,,,,,,2.1,1.3,1.6*3E$GPGSV,3,1,11,12,83,334,34,02,72,048,38,25,48,312,30,20,38,133,37*74$GPGSV,3,2,11,24,22,207,26,19,09,075,26,08,43,044,,28,25,187,*74$GPGSV,3,3,11,23,15,106,,03,11,101,,06,05,058,*46$GPRMC,143500.000,A,3819.8604,N,12054.2315,W,47.10,65.89,210821,,,A*79856,W,47.69,65.05,210821,,,A*7C$GPGGA,143504.000,3819.8826,N,12054.1704,W,1,06,1.3,156.5,M,-23.0,M,,0000*61$GPGSA,A,3,12,02,25,20,24,19,,,,,,,2.1,1.3,1.6*3E$GPRMC,143504.000,A,3819.8826,N,12054.1704,W,47.36,65.49,210821,,,A*7C$GPGGA,143505.000,3819.8878,N,12054.1552,W,1,06,1.3,157.9,M,-23.0,M,,0000*67$GPGSA,A,3,12,02,25,20,24,19,,,,,,,2.1,1.3,1.6*3E$GPGSV,3,1,11,12,83,334,34,02,72,048,39,25,48,312,30,20,38,133,37*75$GPGSV,3,2,11,24,22,207,25,19,09,075,31,08,43,044,,28,25,187,*71$GPGSV,3,3,11,23,15,106,,03,11,101,,06,05,058,*46$GPRMC,143505.000,A,3819.8878,N,12054.1552,W,46.75,66.20,210821,,,A*7D$GPGGA,143506.000,3819.8930,N,12054.1401,W,1,06,1.3,159.0,M,-23.0,M,,0000*69$GPGSA,A,3,12,02,25,20,24,19,,,,,,,2.1,1.3,1.6*3E$GPRMC,143506.000,A,3819.8930,N,12054.1401,W,46.51,66.72,210821,,,A*75$GPGGA,143507.000,3819.8978,N,12054.1252,W,1,06,1.3,159.7,M,-23.0,M,,0000*63$GPGSA,A,3,12,02,25,20,24,19,,,,,,,2.1,1.3,1.6*3E$GPRMC,143507.000,A,3819.8978,N,12054.1252,W,45.52,67.57,210821,,,A*7E$GPGGA,143508.000,3819.9028,N,12054.1104,W,1,06,1.3,160.8,M,-23.0,M,,0000*64$GPGSA,A,3,12,02,25,20,24,19,,,,,,,2.1,1.3,1.6*3E$GPRMC,143508.000,A,3819.9028,N,12054.1104,W,45.54,66.31,210821,,,A*7B$GPGGA,143509.000,3819.9077,N,12054.0957,W,1,06,1.3,161.6,M,-23.0,M,,0000*6F$GPGSA,A,3,12,02,25,20,24,19,,,,,,,2.1,1.3,1.6*3E$GPRMC,143509.000,A,3819.9077,N,12054.0957,W,45.69,66.28,210821,,,A*79$GPGGA,143510.000,3819.9130,N,12054.0808,W,1,06,1.3,162.2,M,-23.0,M,,0000*69$GPGSA,A,3,12,02,25,20,24,19,,,,,,,2.1,1.3,1.6*3E$GPGSV,3,1,11,12,83,334,35,02,72,048,39,25,48,312,30,20,38,133,36*75$GPGSV,3,2,11,24,22,207,23,19,09,075,29,08,43,044,,28,25,,,03,11,101,,06,05,058,*46$GPRMC,143510.000,A,3819.9130,N,12054.0808,W,46.45,66.30,210821,,,A*7C$GPGGA,143511.000,3819.9182,N,12054.0656,W,1,06,1.3,162.5,M,-23.0,M,,0000*63$GPGSA,A,3,12,02,25,20,24,19,,,,,,,2.1,1.3,1.6*3E$GPRMC,143511.000,A,3819.9182,N,12054.0656,W,46.97,66.94,210821,,,A*70$GPGGA,143512.000,3819.9234,N,12054.0501,W,1,06,1.3,163.2,M,-23.0,M,,0000*69$GPGSA,A,3,12,02,25,20,24,19,,,,,,,2.1,1.3,1.6*3E$GPRMC,143512.000,A,3819.9234,N,12054.0501,W,47.50,67.07,210821,,,A*7D$GPGGA,143513.000,3819.9287,N,12054.0345,W,1,06,1.3,163.7,M,-23.0,M,,0000*63$GPGSA,A,3,12,02,25,20,24,19,,,,,,,2.1,1.3,1.6*3E$GPRMC,143513.000,A,3819.9287,N,12054.0345,W,48.35,66.95,210821,,,A*74$GPGGA,143514.000,3819.9339,N,12054.0188,W,1,06,1.3,164.4,M,-23.0,M,,0000*67$GPGSA,A,3,12,02,2$GPRMC,143514.000,A,3819.9339,N,12054.0188,W,48.74,66.72,210821,,,A*78$GPGGA,143515.000,3819.9395,N,12054.0032,W,1,06,1.3,164.9,M,-23.0,M,,0000*6D$GPGSA,A,3,12,02,25,20,24,19,,,,,,,2.1,1.3,1.6*3E$GPGSV,3,1,11,12,83,334,35,02,72,048,39,25,48,312,34,20,38,133,36*71$GPGSV,3,2,11,24,22,207,23,19,09,075,27,08,43,044,,28,25,187,*70$GPGSV,3,3,11,23,15,106,,03,11,101,,06,05,058,*46$GPRMC,143515.000,A,3819.9395,N,12054.0032,W,49.25,64.67,210821,,,A*7C$GPGGA,143516.000,3819.9459,N,12053.9877,W,1,06,1.3,165.3,M,-23.0,M,,0000*65$GPGSA,A,3,12,02,25,20,24,19,,,,,,,2.1,1.3,1.6*3E$GPRMC,143516.000,A,3819.9459,N,12053.9877,W,50.02,60.85,210821,,,A*7A$GPGGA,143517.000,3819.9531,N,12053.9728,W,1,06,1.3,165.7,M,-23.0,M,,0000*6A$GPGSA,A,3,12,02,25,20,24,19,,,,,,,2.1,1.3,1.6*3E$GPRMC,143517.000,A,3819.9531,N,12053.9728,W,49.84,56.63,210821,,,A*7A$GPGGA,143518.000,3819.9612,N,12053.9589,W,1,06,1.3,165.8,M,-23.0,M,,0000*61$GPGSA,A,3,12,02,25,20,24,19,,,,,,,2.1,1.3,1.6*3E$GPRMC,143518.000,A,3819.9612,N,12053.9589,W,50.13,51.55,210821,,,A*7A$GPGGA,143519.000,3819.9706,N,12053.9460,W,1,06,1.3,166.0,M,-23.0,M,,0000*69$GPGSA,A,3,12,02,25,20,24,19,,,,,,,2.1,1.3,1.6*3E$GPRMC,143519.000,A,3819.9706,N,12053.9460,W,50.19,46.26,210821,,,A*71$GPGGA,143520.000,3819.9808,N,12053.9341,W,1,05,2.6,166.2,M,-23.0,M,,0000*61$GPGSA,A,3,12,02,25,20,24,,,,,,,,5.2,2.6,4.5*32$GPGSV,3,1,11,12,83,334,35,02,72,048,38,25,48,312,38,20,38,133,36*7C$GPGSV,3,2,11,24,22,207,29,19,09,075,07,08,43,044,,28,25,187,*78$GPGSV,3,3,11,23,15,106,,03,11,101,,06,05,058,*46$GPRMC,143520.000,A,3819.9808,N,12053.9341,W,50.22,41.45,210821,,,A*74$GPGGA,143521.000,3819.9916,N,12053.9231,W,1,05,2.6,166.4,M,-23.0,M,,0000*6E$GPGSA,A,3,12,02,25,20,24,,,,,,,,5.2,2.6,4.5*32$GPRMC,143521.000,A,3819.9916,N,12053.9231,W,49.77,37.50,210821,,,A*70$GPGGA,143522.000,3820.0030,N,12053.9135,W,1,06,1.3,166.7,M,-23.0,M,,0000*62$GPGSA,A,3,12,02,25,20,24,19,,,,,,,2.1,1.3,1.6*3E$GPRMC,143522.000,A,3820.0030,N,12053.9135,W,48.90,33.05,210821,,,A*76$GPGGA,143523.000,3820.0151,N,12053.9055,W,1,06,1.3,166.6,M,-23.0,M,,0000*63$GPGSA,A,3,12,02,25,20,24,19,,,,,,,2.1,1.3,1.6*3E$GPRMC,143523.000,A,3820.0151,N,12053.9055,W,49.06,27.08,210821,,,A*70$GPGGA,143524.000,3820.0276,N,12053.8986,W,1,06,1.3,166.3,M,-23.0,M,,0000*61$GPGSA,A,3,12,02,25,20,24,19,,,,,,,2.1,1.3,1.6*3E$GPRMC,143524.000,A,3820.0276,N,12053.8986,W,49.48,23.32,210821,,,A*70$GPGGA,143525.000,3820.0410,N,12053.8933,W,1,06,1.3,166.0,M,-23.0,M,,0000*6B$GPGSA,A,3,12,02,25,20,24,19,,,,,,,2.1,1.3,1.6*3E$GPGSV,3,1,11,12,83,334,35,02,72,048,28,25,48,312,27,20,38,133,32*77$GPGSV,3,2,11,24,22,207,30,19,09,075,27,08,43,044,,28,25,187,*72$GPGSV,3,3,11,23,15,106,,03,11,101,,06,05,058,*46$GPRMC,143525.000,A,3820.0410,N,12053.8933,W,49.09,18.26,210821,,,A*71$GPGGA,143526.000,3820.0549,N,12053.8900,W,1,06,1.3,165.8,M,-23.0,M,,0000*6E$GPGSA,A,3,12,02,25,20,24,19,,,,,,,2.1,1.3,1.6*3E$GPRMC,143526.000,A,3820.0549,N,12053.8900,W,49.84,11.86,210821,,,A*79$GPGGA,143527.000,3820.0689,N,12053.8874,W,1,06,1.3,165.6,M,-23.0,M,,0000*6C$GPGSA,A,3,12,02,25,20,24,19,,,,,,,2.1,1.3,1.6*3E$GPRMC,143527.000,A,3820.0689,N,12053.8874,W,50.25,10.51,210821,,,A*7D$GPGGA,143528.000,3820.0828,N,12053.8844,W,1,06,1.3,165.8,M,-23.0,M,,0000*6B$GPGSA,A,3,12,02,25,20,24,19,,,,,,,2.1,1.3,1.6*3E$GPRMC,143528.000,A,3820.0828,N,12053.8844,W,50.79,10.95,210821,,,A*75$GPGGA,143529.000,3820.0968,N,12053.8811,W,1,06,1.3,166.0,M,-23.0,M,,0000*64$GPGSA,A,3,12,02,25,20,24,19,,,,,,,2.1,1.3,1.6*3E$GPRMC,143529.000,A,3820.0968,N,12053.8811,W,51.27,12.20,210821,,,A*77$GPGGA,143530.000,3820.1108,N,12053.8773,W,1,06,1.3,166.2,M,-23.0,M,,0000*6A$GPGSA,A,3,12,02,25,20,24,19,,,,,,,2.1,1.3,1.6*3E$GPGSV,3,1,11,12,83,334,35,02,72,048,29,25,48,312,25,20,38,133,33*75$GPGSV,3,2,11,24,22,207,30,19,09,075,27,08,43,044,,28,25,187,*72$GPGSV,3,3,11,23,15,106,,03,11,101,,06,05,058,*46$GPRMC,143530.000,A,3820.1108,N,12053.8773,W,51.57,12.68,210821,,,A*70$GPGGA,143531.000,3820.1248,N,12053.8735,W,1,06,1.3,165.8,M,-23.0,M,,0000*67$GPGSA,A,3,12,02,25,20,24,19,,,,,,,2.1,1.3,1.6*3E$GPRMC,143531.000,A,3820.1248,N,12053.8735,W,51.43,12.41,210821,,,A*7A$GPGGA,143532.000,3820.1386,N,12053.8696,W,1,06,1.3,165.4,M,-23.0,M,,0000*63$GPGSA,A,3,12,02,25,20,24,19,,,,,,,2.1,1.3,1.6*3E$GPRMC,143532.000,A,3820.1386,N,12053.8696,W,50.82,13.04,210821,,,A*7E$GPGGA,143533.000,3820.1523,N,12053.8655,W,1,06,1.3,165.2,M,-23.0,M,,0000*62$GPGSA,A,3,12,02,25,20,24,19,,,,,,,2.1,1.3,1.6*3E$GPRMC,143533.000,A,3820.1523,N,12053.8655,W,50.33,14.73,210821,,,A*74$GPGGA,143534.000,3820.1656,N,12053.8606,W,1,06,1.3,165.2,M,-23.0,M,,0000*62$GPGSA,A,3,12,02,25,20,24,19,,,,,,,2.1,1.3,1.6*3E$GPRMC,143534.000,A,3820.1656,N,12053.8606,W,49.89,17.92,210821,,,A*71$GPGGA,143535.000,3820.1787,N,12053.8546,W,1,05,2.6,164.7,M,-23.0,M,,0000*68$GPGSA,A,3,12,02,25,20,24,,,,,,,,5.2,2.6,4.5*32$GPGSV,3,1,11,12,83,334,35,02,72,048,37,25,48,312,35,20,38,133,24*7D$GPGSV,3,2,11,24,22,207,30,19,09,075,06,08,43,044,,28,25,187,*71$GPGSV,3,3,11,23,15,106,,03,11,101,,06,05,058,*46$GPRMC,143535.000,A,3820.1787,N,12053.8546,W,49.79,22.55,210821,,,A*78$GPGGA,143536.000,3820.1912,N,12053.8471,W,1,05,2.6,164.3,M,-23.0,M,,0000*68$GPGSA,A,3,12,02,25,20,24,,,,,,,,5.2,2.6,4.5*32$GPRMC,143536.000,A,3820.1912,N,12053.8471,W,49.55,28.04,210821,,,A*7C$GPGGA,143537.000,3820.2029,N,12053.8378,W,1,05,2.6,164.1,M,-23.0,M,,0000*67$GPGSA,A,3,12,02,25,20,24,,,,,,,,5.2,2.6,4.5*32$GPRMC,143537.000,A,3820.2029,N,12053.8378,W,50.03,33.51,210821,,,A*70$GPGGA,143538.000,3820.2142,N,12053.8273,W,1,06,1.3,163.9,M,-23.0,M,,0000*64$GPGSA,A,3,12,02,25,20,24,19,,,,,,,2.1,1.3,1.6*3E$GPRMC,143538.000,A,3820.2142,N,12053.8273,W,50.24,37.59,210821,,,A*70$GPGGA,143539.000,3820.2243,N,12053.8155,W,1,06,1.3,164.1,M,-23.0,M,,0000*6F$GPGSA,A,3,12,02,25,20,24,19,,,,,,,2.1,1.3,1.6*3E$GPRMC,143539.000,A,3820.2243,N,12053.8155,W,50.07,42.20,210821,,,A*79$GPGGA,143540.000,3820.2332,N,12053.8023,W,1,06,1.3,164.0,M,-22.8,M,,0000*6E$GPGSA,A,3,12,02,25,20,24,19,,,,,,,2.1,1.3,1.6*3E$GPGSV,3,1,11,12,83,334,34,02,72,048,36,25,48,312,31,20,38,133,37*7B$GPGSV,3,2,11,24,22,207,30,19,09,075,17,08,43,044,,28,25,187,*71$GPGSV,3,3,11,23,15,106,,03,11,101,,06,05,058,*46$GPRMC,143540.000,A,3820.2332,N,12053.8023,W,49.56,49.17,210821,,,A*73$GPGGA,143541.000,3820.2418,N,12053.7887,W,1,06,1.3,164.1,M,-22.8,M,,0000*68$GPGSA,A,3,12,02,25,20,24,19,,,,,,,2.1,1.3,1.6*3E$GPRMC,143541.000,A,3820.2418,N,12053.7887,W,49.70,51.51,210821,,,A*7B$GPGGA,143542.000,3820.2502,N,12053.7747,W,1,06,1.3,163.8,M,-22.8,M,,0000*6C$GPGSA,A,3,12,02,25,20,24,19,,,,,,,2.1,1.3,1.6*3E$GPRMC,143542.000,A,3820.2502,N,12053.7747,W,49.58,52.98,210821,,,A*7D$GPGGA,143543.000,3820.2585,N,12053.7606,W,1,06,1.3,163.4,M,-22.8,M,,0000*6A$GPGSA,A,3,12,02,25,20,24,19,,,,,,,2.1,1.3,1.6*3E$GPRMC,143543.000,A,3820.2585,N,12053.7606,W,50.09,52.63,210821,,,A*7F$GPGGA,143544.000,3820.2669,N,12053.7462,W,1,06,1.3,162.9,M,-22.8,M,,0000*60$GPGSA,A,3,12,02,25,20,24,19,,,,,,,2.1,1.3,1.6*3E$GPRMC,143544.000,A,3820.2669,N,12053.7462,W,50.36,52.42,210821,,,A*76$GPGGA,143545.000,3820.2753,N,12053.7319,W,1,06,1.3,162.2,M,-22.8,M,,0000*69$GPGSA,A,3,12,02,25,20,24,19,,,,,,,2.1,1.3,1.6*3E$GPGSV,3,1,11,12,83,334,35,02,72,048,36,25,48,312,33,20,38,133,33*7C$GPGSV,3,2,11,24,22,207,24,19,09,075,33,08,43,044,,28,25,187,*72$GPGSV,3,3,11,23,15,106,,03,11,101,,06,05,058,*46$GPRMC,143545.000,A,3820.2753,N,12053.7319,W,50.22,52.53,210821,,,A*71$GPGGA,143546.000,3820.2838,N,12053.7176,W,1,06,1.3,161.2,M,-22.8,M,,0000*60$GPGSA,A,3,12,02,25,20,24,19,,,,,,,2.1,1.3,1.6*3E$GPRMC,143546.000,A,3820.2838,N,12053.7176,W,50.89,52.78,210821,,,A*73$GPGGA,143547.000,3820.2923,N,12053.7031,W,1,06,1.3,160.2,M,-22.8,M,,0000*69$GPGSA,A,3,12,02,25,20,24,19,,,,,,,2.1,1.3,1.6*3E$GPRMC,143547.000,A,3820.2923,N,12053.7031,W,51.33,52.87,210821,,,A*7B$GPGGA,143548.000,3820.3010,N,12053.6883,W,1,06,1.3,159.1,M,-22.8,M,,0000*67$GPGSA,A,3,12,02,25,20,24,19,,,,,,,2.1,1.3,1.6*3E$GPRMC,143548.000,A,3820.3010,N,12053.6883,W,52.32,52.50,210821,,,A*74$GPGGA,143549.000,3820.3099,N,12053.6734,W,1,06,1.3,158.2,M,-22.8,M,,0000*66$GPGSA,A,3,12,02,25,20,24,19,,,,,,,2.1,1.3,1.6*3E$GPRMC,143549.000,A,3820.3099,N,12053.6734,W,53.03,52.35,210821,,,A*77$GPGGA,143550.000,3820.3189,N,12053.6585,W,1,06,1.3,157.5,M,-22.8,M,,0000*6E$GPGSA,A,3,12,02,25,20,24,19,,,,,,,2.1,1.3,1.6*3E$GPGSV,3,1,11,12,83,334,35,02,72,048,35,25,48,312,34,20,38,133,34*7F$GPGSV,3,2,11,24,22,207,26,19,09,075,33,08,43,044,,28,25,187,*70$GPGSV,3,3,11,23,15,106,,03,11,101,,06,05,058,*46$GPRMC,143550.000,A,3820.3189,N,12053.6585,W,53.14,52.54,210821,,,A*76$GPGGA,143551.000,3820.3279,N,12053.6434,W,1,06,1.3,156.9,M,-22.8,M,,0000*65$GPGSA,A,3,12,02,25,20,24,19,,,,,,,2.1,1.3,1.6*3E$GPRMC,143551.000,A,3820.3279,N,12053.6434,W,53.59,52.43,210821,,,A*7F$GPGGA,143552.000,3820.3369,N,12053.6283,W,1,06,1.3,156.5,M,-22.8,M,,0000*60$GPGSA,A,3,12,02,25,20,24,19,,,,,,,2.1,1.3,1.6*3E$GPRMC,143552.000,A,3820.3369,N,12053.6283,W,53.97,52.28,210821,,,A*79$GPGGA,143553.000,3820.3460,N,12053.6131,W,1,06,1.3,156.1,M,-22.8,M,,0000*61$GPGSA,A,3,12,02,25,20,24,19,,,,,,,2.1,1.3,1.6*3E$GPRMC,143553.000,A,3820.3460,N,12053.6131,W,53.91,52.49,210821,,,A*7D$GPGGA,143554.000,3820.3551,N,12053.5980,W,1,06,1.3,155.8,M,-22.8,M,,0000*6E$GPGSA,A,3,12,02,25,20,24,19,,,,,,,2.1,1.3,1.6*3E$GPRMC,143554.000,A,3820.3551,N,12053.5980,W,53.88,52.47,210821,,,A*7E$GPGGA,143555.000,3820.3639,N,12053.5830,W,1,06,1.3,155.6,M,-22.8,M,,0000*66$GPGSA,A,3,12,02,25,20,24,19,,,,,,,2.1,1.3,1.6*3E$GPGSV,3,1,11,12,83,334,35,02,72,048,36,25,48,312,35,20,38,133,34*7D$GPGSV,3,2,11,24,22,207,26,19,09,075,21,08,43,044,,28,25,187,*73$GPGSV,3,3,11,23,15,106,,03,11,101,,06,05,058,*46$GPRMC,143555.000,A,3820.3639,N,12053.5830,W,52.53,53.29,210821,,,A*76$GPGGA,143556.000,3820.3726,N,12053.5681,W,1,06,1.3,155.4,M,-22.8,M,,0000*6C$GPGSA,A,3,12,02,25,20,24,19,,,,,,,2.1,1.3,1.6*3E$GPRMC,143556.000,A,3820.3726,N,12053.5681,W,52.69,53.43,210821,,,A*7B$GPGGA,143557.000,3820.3812,N,12053.5531,W,1,06,1.3,155.6,M,-22.8,M,,0000*6F$GPGSA,A,3,12,02,25,20,24,19,,,,,,,2.1,1.3,1.6*3E$GPRMC,143557.000,A,3820.3812,N,12053.5531,W,52.69,54.45,210821,,,A*7B$GPGGA,143558.000,3820.3895,N,12053.5379,W,1,06,1.3,155.9,M,-22.8,M,,0000*6A$GPGSA,A,3,12,02,25,20,24,19,,,,,,,2.1,1.3,1.6*3E$GPRMC,143558.000,A,3820.3895,N,12053.5379,W,52.27,55.94,210821,,,A*76$GPGGA,143559.000,3820.3973,N,12053.5225,W,1,06,1.3,156.7,M,-22.8,M,,0000*67$GPGSA,A,3,12,02,25,20,24,19,,,,,,,2.1,1.3,1.6*3E$GPRMC,143559.000,A,3820.3973,N,12053.5225,W,51.93,57.73,210821,,,A*71$GPGGA,143600.000,3820.4047,N,12053.5067,W,1,06,1.3,157.4,M,-22.8,M,,0000*67$GPGSA,A,3,12,02,25,20,24,19,,,,,,,2.1,1.3,1.6*3E$GPGSV,3,1,11,12,83,334,35,02,72,048,38,25,48,312,35,20,38,133,34*73$GPGSV,3,2,11,24,22,207,28,19,09,075,27,08,43,044,,28,25,187,*7B$GPGSV,3,3,11,23,15,106,,03,11,101,,06,05,058,*46$GPRMC,143600.000,A,3820.4047,N,12053.5067,W,51.93,59.74,210821,,,A*7A$GPGGA,143601.000,3820.4116,N,12053.4908,W,1,06,1.3,158.1,M,-22.8,M,,0000*68$GPGSA,A,3,12,02,25,20,24,19,,,,,,,2.1,1.3,1.6*3E$GPRMC,143601.000,A,3820.4116,N,12053.4908,W,51.15,61.98,210821,,,A*78$GPGGA,143602.000,3820.4178,N,12053.4749,W,1,06,1.3,159.5,M,-22.8,M,,0000*6D$GPGSA,A,3,12,02,25,20,24,19,,,,,,,2.1,1.3,1.6*3E$GPRMC,143602.000,A,3820.4178,N,12053.4749,W,50.60,63.67,210821,,,A*79$GPGGA,143603.000,3820.4237,N,12053.4589,W,1,06,1.3,160.9,M,-22.8,M,,0000*6C$GPGSA,A,3,12,02,25,20,24,19,,,,,,,2.1,1.3,1.6*3E$GPRMC,143603.000,A,3820.4237,N,12053.4589,W,49.88,64.97,210821,,,A*78$GPGGA,143604.000,3820.4293,N,12053.4431,W,1,06,1.3,162.6,M,-22.8,M,,0000*6A$GPGSA,A,3,12,02,25,20,24,19,,,,,,,2.1,1.3,1.6*3E$GPRMC,143604.000,A,3820.4293,N,12053.4431,W,49.07,65.34,210821,,,A*7C$GPGGA,143605.000,3820.4348,N,12053.4274,W,1,06,1.3,164.0,M,-22.8,M,,0000*6B$GPGSA,A,3,12,02,25,20,24,19,,,,,,,2.1,1.3,1.6*3E$GPGSV,3,1,11,12,83,334,34,02,72,048,39,25,48,312,32,20,38,133,35*75$GPGSV,3,2,11,24,22,207,25,19,09,075,29,08,43,044,,28,25,187,*78$GPGSV,3,3,11,23,15,106,,03,11,101,,06,05,058,*46$GPRMC,143605.000,A,3820.4348,N,12053.4274,W,49.01,65.13,210821,,,A*7E$GPGGA,143606.000,3820.4405,N,12053.4117,W,1,06,1.3,165.1,M,-22.8,M,,0000*60$GPGSA,A,3,12,02,25,20,24,19,,,,,,,2.1,1.3,1.6*3E$GPRMC,143606.000,A,3820.4405,N,12053.4117,W,49.07,64.89,210821,,,A*71$GPGGA,143607.000,3820.4463,N,12053.3960,W,1,06,1.3,166.2,M,-22.8,M,,0000*6E$GPGSA,A,3,12,02,25,20,24,19,,,,,,,2.1,1.3,1.6*3E$GPRMC,143607.000,A,3820.4463,N,12053.3960,W,48.80,64.37,210821,,,A*74$GPGGA,143608.000,3820.4521,N,12053.3806,W,1,06,1.3,167.4,M,-22.8,M,,0000*60$GPGSA,A,3,12,02,25,20,24,19,,,,,,,2.1,1.3,1.6*3E$GPRMC,143608.000,A,3820.4521,N,12053.3806,W,48.38,63.50,210821,,,A*78$GPGGA,143609.000,3820.4581,N,12053.3654,W,1,06,1.3,168.9,M,-22.8,M,,0000*60$GPGSA,A,3,12,02,25,20,24,19,,,,,,,2.1,1.3,1.6*3E$GPRMC,143609.000,A,3820.4581,N,12053.3654,W,48.48,61.84,210821,,,A*76$GPGGA,143610.000,3820.4644,N,12053.3505,W,1,06,1.3,170.6,M,-22.8,M,,0000*63$GPGSA,A,3,12,02,25,20,24,19,,,,,,,2.1,1.3,1.6*3E$GPGSV,3,1,11,12,83,334,33,02,72,048,39,25,48,312,37,20,38,133,36*74$GPGSV,3,2,11,24,22,207,24,19,09,075,31,08,43,044,,28,25,187,*70$GPGSV,3,3,11,23,15,106,,03,11,101,,06,05,058,*46$GPRMC,143610.000,A,3820.4644,N,12053.3505,W,48.52,60.88,210821,,,A*75$GPGGA,143611.000,3820.4710,N,12053.3356,W,1,06,1.3,171.9,M,-22.8,M,,0000*6C$GPGSA,A,3,12,02,25,20,24,19,,,,,,,2.1,1.3,1.6*3E$GPRMC,143611.000,A,3820.4710,N,12053.3356,W,48.58,60.25,210821,,,A*79$GPGGA,143612.000,3820.4777,N,12053.3207,W,1,06,1.3,172.9,M,-22.8,M,,0000*68$GPGSA,A,3,12,02,25,20,24,19,,,,,,,2.1,1.3,1.6*3E$GPRMC,143612.000,A,3820.4777,N,12053.3207,W,48.42,60.12,210821,,,A*71$GPGGA,143613.000,3820.4843,N,12053.3060,W,1,06,1.3,174.5,M,-22.8,M,,0000*68$GPGSA,A,3,12,02,25,20,24,19,,,,,,,2.1,1.3,1.6*3E$GPRMC,143613.000,A,3820.4843,N,12053.3060,W,48.40,59.74,210821,,,A*73$GPGGA,143614.000,3820.4910,N,12053.2912,W,1,06,1.3,175.7,M,-22.8,M,,0000*66$GPGSA,A,3,12,02,25,20,24,19,,,,,,,2.1,1.3,1.6*3E$GPRMC,143614.000,A,3820.4910,N,12053.2912,W,48.24,59.62,210821,,,A*7B$GPGGA,143615.000,3820.4978,N,12053.2765,W,1,06,1.3,176.7,M,-22.8,M,,0000*64$GPGSA,A,3,12,02,25,20,24,19,,,,,,,2.1,1.3,1.6*3E$GPGSV,3,1,11,12,83,334,34,02,72,048,38,25,48,312,37,20,38,133,36*72$GPGSV,3,2,11,24,22,207,26,19,09,075,30,08,43,044,,28,25,187,*73$GPGSV,3,3,11,23,15,106,,03,11,101,,06,05,058,*46$GPRMC,143615.000,A,3820.4978,N,12053.2765,W,47.90,59.83,210821,,,A*75$GPGGA,143616.000,3820.5046,N,12053.2618,W,1,06,1.3,177.8,M,-22.8,M,,0000*67$GPGSA,A,3,12,02,25,20,24,19,,,,,,,2.1,1.3,1.6*3E$GPRMC,143616.000,A,3820.5046,N,12053.2618,W,47.78,59.98,210821,,,A*74$GPGGA,143617.000,3820.5115,N,12053.2470,W,1,06,1.3,179.1,M,-22.8,M,,0000*6A$GPGSA,A,3,12,02,25,20,24,19,,,,,,,2.1,1.3,1.6*3E$GPRMC,143617.000,A,3820.5115,N,12053.2470,W,47.79,59.37,210821,,,A*7A$GPGGA,143618.000,3820.5184,N,12053.2324,W,1,06,1.3,180.2,M,-22.8,M,,0000*6E$GPGSA,A,3,12,02,25,20,24,19,,,,,,,2.1,1.3,1.6*3E$GPRMC,143618.000,A,3820.5184,N,12053.2324,W,47.20,59.09,210821,,,A*7A$GPGGA,143619.000,3820.5252,N,12053.2180,W,1,06,1.3,181.2,M,-22.8,M,,0000*6A$GPGSA,A,3,12,02,25,20,24,19,,,,,,,2.1,1.3,1.6*3E$GPRMC,143619.000,A,3820.5252,N,12053.2180,W,47.28,58.88,210821,,,A*7F$GPGGA,143620.000,3820.5320,N,12053.2037,W,1,06,1.3,182.6,M,-22.8,M,,0000*6E$GPGSA,A,3,12,02,25,20,24,19,,,,,,,2.1,1.3,1.6*3E$GPGSV,3,1,11,12,83,334,34,02,72,048,39,25,48,312,36,20,38,133,36*72$GPGSV,3,2,11,24,22,207,29,19,09,075,28,08,43,044,,28,25,187,*75$GPGSV,3,3,11,23,15,106,,03,11,101,,06,05,058,*46$GPRMC,143620.000,A,3820.5320,N,12053.2037,W,47.33,59.07,210821,,,A*70$GPGGA,143621.000,3820.5387,N,12053.1894,W,1,06,1.3,183.4,M,-22.8,M,,0000*63$GPGSA,A,3,12,02,25,20,24,19,,,,,,,2.1,1.3,1.6*3E$GPRMC,143621.000,A,3820.5387,N,12053.1894,W,47.80,59.03,210821,,,A*72$GPGGA,143622.000,3820.5455,N,12053.1749,W,1,06,1.3,184.0,M,-22.8,M,,0000*64$GPGSA,A,3,12,02,25,20,24,19,,,,,,,2.1,1.3,1.6*3E$GPRMC,143622.000,A,3820.5455,N,12053.1749,W,47.73,59.23,210821,,,A*78$GPGGA,143623.000,3820.5523,N,12053.1604,W,1,05,2.6,184.9,M,-22.8,M,,0000*61$GPGSA,A,3,12,02,25,20,24,,,,,,,,5.3,2.6,4.6*30$GPRMC,143623.000,A,3820.5523,N,12053.1604,W,47.94,59.43,210821,,,A*7E$GPGGA,143624.000,3820.5591,N,12053.1457,W,1,06,1.3,185.8,M,-22.8,M,,0000*6E$GPGSA,A,3,12,02,25,20,24,19,,,,,,,2.1,1.3,1.6*3E$GPRMC,143624.000,A,3820.5591,N,12053.1457,W,48.04,59.64,210821,,,A*77$GPGGA,143625.000,3820.5658,N,12053.1311,W,1,06,1.3,186.5,M,-22.8,M,,0000*62$GPGSA,A,3,12,02,25,20,24,19,,,,,,,2.1,1.3,1.6*3E$GPGSV,3,1,11,12,83,334,33,02,72,048,39,25,48,312,36,20,38,133,36*75$GPGSV,3,2,11,24,22,207,29,19,09,075,23,08,43,044,,28,25,187,*7E$GPGSV,3,3,11,23,15,106,,03,11,101,,06,05,058,*46$GPRMC,143625.000,A,3820.5658,N,12053.1311,W,48.42,59.54,210821,,,A*74$GPGGA,143626.000,3820.5725,N,12053.1164,W,1,06,1.3,187.3,M,-22.8,M,,0000*6D$GPGSA,A,3,12,02,25,20,24,19,,,,,,,2.1,1.3,1.6*3E$GPRMC,143626.000,A,3820.5725,N,12053.1164,W,48.75,59.46,210821,,,A*7B$GPGGA,143627.000,3820.5794,N,12053.1015,W,1,06,1.3,188.3,M,-22.8,M,,0000*6E$GPGSA,A,3,12,02,25,20,24,19,,,,,,,2.1,1.3,1.6*3E$GPRMC,143627.000,A,3820.5794,N,12053.1015,W,49.12,59.33,210821,,,A*75$GPGGA,143628.000,3820.5864,N,12053.0865,W,1,06,1.3,189.4,M,-22.8,M,,0000*69$GPGSA,A,3,12,02,25,20,24,19,,,,,,,2.1,1.3,1.6*3E$GPRMC,143628.000,A,3820.5864,N,12053.0865,W,49.18,59.09,210821,,,A*77$GPGGA,143629.000,3820.5934,N,12053.0716,W,1,06,1.3,190.6,M,-22.8,M,,0000*6D$GPGSA,A,3,12,02,25,20,24,19,,,,,,,2.1,1.3,1.6*3E$GPRMC,143629.000,A,3820.5934,N,12053.0716,W,48.90,58.88,210821,,,A*70$GPGGA,143630.000,3820.6002,N,12053.0569,W,1,06,1.3,192.1,M,-22.8,M,,0000*65$GPGSA,A,3,12,02,25,20,24,19,,,,,,,2.1,1.3,1.6*3E$GPGSV,3,1,11,12,85,335,33,02,71,046,39,25,49,312,37,20,39,132,36*7F$GPGSV,3,2,11,24,21,206,29,19,09,075,30,08,42,045,,28,27,187,*7C$GPGSV,3,3,11,23,14,107,,03,12,100,,06,05,056,*4A$GPRMC,143630.000,A,3820.6002,N,12053.0569,W,48.27,59.39,210821,,,A*7A$GPGGA,143631.000,3820.6069,N,12053.0423,W,1,06,1.3,193.4,M,-22.8,M,,0000*62$GPGSA,A,3,12,02,25,20,24,19,,,,,,,2.1,1.3,1.6*3E$GPRMC,143631.000,A,3820.6069,N,12053.0423,W,47.62,60.17,210821,,,A*71$GPGGA,143632.000,3820.6133,N,12053.0276,W,1,06,1.3,194.8,M,-22.8,M,,0000*62$GPGSA,A,3,12,02,25,20,24,19,,,,,,,2.1,1.3,1.6*3E$GPRMC,143632.000,A,3820.6133,N,12053.0276,W,47.12,61.71,210821,,,A*7C$GPGGA,143633.000,3820.6190,N,12053.0130,W,1,06,1.3,196.1,M,-22.8,M,,0000*60$GPGSA,A,3,12,02,25,20,24,19,,,,,,,2.1,1.3,1.6*3E$GPRMC,143633.000,A,3820.6190,N,12053.0130,W,46.37,64.41,210821,,,A*75$GPGGA,143634.000,3820.6241,N,12052.9983,W,1,06,1.3,197.2,M,-22.8,M,,0000*62$GPGSA,A,3,12,02,25,20,24,19,,,,,,,2.1,1.3,1.6*3E$GPRMC,143634.000,A,3820.6241,N,12052.9983,W,45.57,67.08,210821,,,A*7E$GPGGA,143635.000,3820.6287,N,12052.9833,W,1,06,1.3,198.7,M,-22.8,M,,0000*69$GPGSA,A,3,12,02,25,20,24,19,,,,,,,2.1,1.3,1.6*3E$GPGSV,3,1,11,12,85,335,34,02,71,046,39,25,49,312,29,20,39,132,36*77$GPGSV,3,2,11,24,21,206,19,19,09,075,31,08,42,045,,28,27,187,*7E$GPGSV,3,3,11,23,14,107,,03,12,100,,06,05,056,*4A$GPRMC,143635.000,A,3820.6287,N,12052.9833,W,45.16,69.95,210821,,,A*70$GPGGA,143636.000,3820.6325,N,12052.9681,W,1,06,1.3,200.3,M,-22.8,M,,0000*62$GPGSA,A,3,12,02,25,20,24,19,,,,,,,2.1,1.3,1.6*3E$GPRMC,143636.000,A,3820.6325,N,12052.9681,W,44.86,73.18,210821,,,A*7B$GPGGA,143637.000,3820.6357,N,12052.9527,W,1,06,1.3,201.7,M,-22.8,M,,0000*6C$GPGSA,A,3,12,02,25,20,24,19,,,,,,,2.1,1.3,1.6*3E$GPRMC,143637.000,A,3820.6357,N,12052.9527,W,44.86,76.02,210821,,,A*7E$GPGGA,143638.000,3820.6383,N,12052.9373,W,1,06,1.3,203.2,M,-22.8,M,,0000*6A$GPGSA,A,3,12,02,25,20,24,19,,,,,,,2.1,1.3,1.6*3E$GPRMC,143638.000,A,3820.6383,N,12052.9373,W,44.40,78.93,210821,,,A*73$GPGGA,143639.000,3820.6402,N,12052.9220,W,1,06,1.3,204.8,M,-22.8,M,,0000*6F$GPGSA,A,3,12,02,25,20,24,19,,,,,,,2.1,1.3,1.6*3E$GPRMC,143639.000,A,3820.6402,N,12052.9220,W,43.63,81.77,210821,,,A*71$GPGGA,143640.000,3820.6415,N,12052.9069,W,1,06,1.3,206.3,M,-22.8,M,,0000*61$GPGSA,A,3,12,02,25,20,24,19,,,,,,,2.1,1.3,1.6*3E$GPGSV,3,1,11,12,85,335,35,02,71,046,38,25,49,312,34,20,39,132,27*7B$GPGSV,3,2,11,24,21,206,27,19,09,075,17,08,42,045,,28,27,187,*77$GPGSV,3,3,11,23,14,107,,03,12,100,,06,05,056,*4A$GPRMC,143640.000,A,3820.6415,N,12052.9069,W,43.00,85.02,210821,,,A*75$GPGGA,143641.000,3820.6423,N,12052.8918,W,1,06,1.3,207.8,M,-22.8,M,,0000*61$GPGSA,A,3,12,02,25,20,24,19,,,,,,,2.1,1.3,1.6*3E$GPRMC,143641.000,A,3820.6423,N,12052.8918,W,42.84,86.21,210821,,,A*70$GPGGA,143642.000,3820.6423,N,12052.8770,W,1,06,1.3,208.9,M,-22.8,M,,0000*6C$GPGSA,A,3,12,02,25,20,24,19,,,,,,,2.1,1.3,1.6*3E$GPRMC,143642.000,A,3820.6423,N,12052.8770,W,42.38,89.40,210821,,,A*7C$GPGGA,143643.000,3820.6418,N,12052.8624,W,1,06,1.3,210.0,M,-22.8,M,,0000*65$GPGSA,A,3,12,02,25,20,24,19,,,,,,,2.1,1.3,1.6*3E$GPRMC,143643.000,A,3820.6418,N,12052.8624,W,41.62,92.67,210821,,,A*76$GPGGA,143644.000,3820.6408,N,12052.8480,W,1,06,1.3,211.2,M,-22.8,M,,0000*6C$GPGSA,A,3,12,02,25,20,24,19,,,,,,,2.1,1.3,1.6*3E$GPRMC,143644.000,A,3820.6408,N,12052.8480,W,41.37,95.05,210821,,,A*7F052.8338,W,1,06,1.3,212.4,M,-22.8,M,,0000*69$GPGSA,A,3,12,02,25,20,24,19,,,,,,,2.1,1.3,1.6*3E$GPGSV,3,1,11,12,85,335,35,02,71,046,32,25,49,312,35,20,39,132,36*70$GPGSV,3,2,11,24,21,206,15,19,09,075,17,08,42,045,,28,27,187,*76$GPGSV,3,3,11,23,14,107,,03,12,100,,06,05,056,*4A$GPRMC,143645.000,A,3820.6393,N,12052.8338,W,41.06,97.64,210821,,,A*78$GPGGA,143646.000,3820.6376,N,12052.8193,W,1,06,1.3,213.6,M,-22.8,M,,0000*61$GPGSA,A,3,12,02,25,20,24,19,,,,,,,2.1,1.3,1.6*3E$GPRMC,143646.000,A,3820.6376,N,12052.8193,W,42.23,98.50,210821,,,A*7F$GPGGA,143647.000,3820.6354,N,12052.8049,W,1,06,1.3,214.9,M,-22.8,M,,0000*6E$GPGSA,A,3,12,02,25,20,24,19,,,,,,,2.1,1.3,1.6*3E$GPRMC,143647.000,A,3820.6354,N,12052.8049,W,41.66,100.62,210821,,,A*4B$GPGGA,143650.000,3820.6252,N,12052.7658,W,1,06,1.3,218.1,M,-22.8,M,,0000*62$GPGSA,A,3,12,02,25,20,24,19,,,,,,,2.1,1.3,1.6*3E$GPGSV,3,1,11,12,85,335,36,02,71,046,31,25,49,312,35,20,39,132,27*70$GPGSV,3,2,11,24,21,206,28,19,09,075,24,08,42,045,,28,27,187,*78$GPGSV,3,3,11,23,14,107,,03,12,100,,06,05,056,*4A$GPRMC,143650.000,A,3820.6252,N,12052.7658,W,38.00,108.62,210821,,,A*45$GPGGA,143651.000,3820.6214,N,12052.7536,W,1,06,1.3,218.8,M,-22.8,M,,0000*63$GPGSA,A,3,12,02,25,20,24,19,,,,,,,2.1,1.3,1.6*3E$GPRMC,143651.000,A,3820.6214,N,12052.7536,W,37.57,108.93,210821,,,A*4E$GPGGA,143652.000,3820.6178,N,12052.7412,W,1,06,1.3,219.6,M,-22.8,M,,0000*61$GPGSA,A,3,12,02,25,20,24,19,,,,,,,2.1,1.3,1.6*3E$GPRMC,143652.000,A,3820.6178,N,12052.7412,W,37.46,109.66,210821,,,A*48$GPGGA,143653.000,3820.6143,N,12052.7288,W,1,06,1.3,220.6,M,-22.8,M,,0000*67$GPGSA,A,3,12,02,25,20,24,19,,,,,,,2.1,1.3,1.6*3E$GPRMC,143653.000,A,3820.6143,N,12052.7288,W,37.86,109.73,210821,,,A*4C$GPGGA,143654.000,3820.6106,N,12052.7162,W,1,06,1.3,221.7,M,-22.8,M,,0000*66$GPGSA,A,3,12,02,25,20,24,19,,,,,,,2.1,1.3,1.6*3E$GPRMC,143654.000,A,3820.6106,N,12052.7162,W,38.40,109.68,210821,,,A*42$GPGGA,143655.000,3820.6069,N,12052.7036,W,1,06,1.3,222.7,M,-22.8,M,,0000*6C$GPGSA,A,3,12,02,25,20,24,19,,,,,,,2.1,1.3,1.6*3E$GPGSV,3,1,11,12,85,335,36,02,71,046,31,25,49,312,34,20,39,132,28*7E$GPGSV,3,2,11,24,21,206,28,19,09,075,22,08,42,045,,28,27,187,*7E$GPGSV,3,3,11,23,14,107,,03,12,100,,06,05,056,*4A$GPRMC,143655.000,A,3820.6069,N,12052.7036,W,38.72,109.29,210821,,,A*4F$GPGGA,143656.000,3820.6031,N,12052.6907,W,1,06,1.3,223.7,M,-22.8,M,,0000*69$GPGSA,A,3,12,02,25,20,24,19,,,,,,,2.1,1.3,1.6*3E$GPRMC,143656.000,A,3820.6031,N,12052.6907,W,39.40,109.55,210821,,,A*40$GPGGA,143657.000,3820.5993,N,12052.6776,W,1,06,1.3,224.7,M,-22.8,M,,0000*65$GPGSA,A,3,12,02,25,20,24,19,,,,,,,2.1,1.3,1.6*3E$GPRMC,143657.000,A,3820.5993,N,12052.6776,W,40.18,109.79,210821,,,A*46$GPGGA,143658.000,3820.5955,N,12052.6642,W,1,06,1.3,225.7,M,-22.8,M,,0000*67$GPGSA,A,3,12,02,25,20,24,19,,,,,,,2.1,1.3,1.6*3E$GPRMC,143658.000,A,3820.5955,N,12052.6642,W,40.78,109.59,210821,,,A*41$GPGGA,143659.000,3820.5916,N,12052.6506,W,1,06,1.3,226.8,M,-22.8,M,,0000*6E$GPGSA,A,3,12,02,25,20,24,19,,,,,,,2.1,1.3,1.6*3E$GPRMC,143659.000,A,3820.5916,N,12052.6506,W,41.45,109.53,210821,,,A*41$GPGGA,143700.000,3820.5876,N,12052.6367,W,1,06,1.3,228.0,M,-22.8,M,,0000*63$GPGSA,A,3,12,02,25,20,24,19,,,,,,,2.1,1.3,1.6*3E$GPGSV,3,1,11,12,85,335,36,02,71,046,31,25,49,312,34,20,39,132,29*7F$GPGSV,3,2,11,24,21,206,27,19,09,075,12,08,42,045,,28,27,187,*72$GPGSV,3,3,11,23,14,107,,03,12,100,,06,05,056,*4A$GPRMC,143700.000,A,3820.5876,N,12052.6367,W,42.15,109.73,210821,,,A*4E$GPGGA,143701.000,3820.5835,N,12052.6227,W,1,06,1.3,228.9,M,-22.8,M,,0000*69$GPGSA,A,3,12,02,25,20,24,19,,,,,,,2.1,1.3,1.6*3E$GPRMC,143701.000,A,3820.5835,N,12052.6227,W,42.44,109.60,210821,,,A*4B$GPGGA,143702.000,3820.5796,N,12052.6085,W,1,06,1.3,229.7,M,-22.8,M,,0000*69$GPGSA,A,3,12,02,25,20,24,19,,,,,,,2.1,1.3,1.6*3E$GPRMC,143702.000,A,3820.5796,N,12052.6085,W,42.78,108.87,210821,,,A*43$GPGGA,143703.000,3820.5757,N,12052.5942,W,1,06,1.3,230.7,M,-22.8,M,,0000*6C$GPGSA,A,3,12,02,25,20,24,19,,,,,,,2.1,1.3,1.6*3E$GPRMC,143703.000,A,3820.5757,N,12052.5942,W,42.88,108.32,210821,,,A*4F$GPGGA,143704.000,3820.5719,N,12052.5798,W,1,06,1.3,231.9,M,-22.8,M,,0000*67$GPGSA,A,3,12,02,25,20,24,19,,,,,,,2.1,1.3,1.6*3E$GPRMC,143704.000,A,3820.5719,N,12052.5798,W,43.01,107.84,210821,,,A*49$GPGGA,143705.000,3820.5683,N,12052.5653,W,1,06,1.3,233.1,M,-22.8,M,,0000*68$GPGSA,A,3,12,02,25,20,24,19,,,,,,,2.1,1.3,1.6*3E$GPGSV,3,1,11,12,85,335,33,02,71,046,38,25,49,312,34,20,39,132,30*7B$GPGSV,3,2,11,24,21,206,27,19,09,075,18,08,42,045,,28,27,187,*78$GPGSV,3,3,11,23,14,107,,03,12,100,,06,05,056,*4A$GPRMC,143705.000,A,3820.5683,N,12052.5653,W,43.65,106.54,210821,,,A*42$GPGGA,143706.000,3820.5649,N,12052.5504,W,1,06,1.3,234.4,M,-22.8,M,,0000*6E$GPGSA,A,3,12,02,25,20,24,19,,,,,,,2.1,1.3,1.6*3E$GPRMC,143706.000,A,3820.5649,N,12052.5504,W,43.97,105.12,210821,,,A*4A$GPGGA,143707.000,3820.5619,N,12052.5353,W,1,06,1.3,235.6,M,-22.8,M,,0000*6D$GPGSA,A,3,12,02,25,20,24,19,,,,,,,2.1,1.3,1.6*3E,12052.5353,W,44.21,103.21,210821,,,A*46$GPGGA,143708.000,3820.5593,N,12052.5199,W,1,06,1.3,236.9,M,-22.8,M,,0000*6B$GPGSA,A,3,12,02,25,20,24,19,,,,,,,2.1,1.3,1.6*3E$GPRMC,143708.000,A,3820.5593,N,12052.5199,W,44.76,101.28,210821,,,A*45$GPGGA,143709.000,3820.5572,N,12052.5043,W,1,06,1.3,237.8,M,-22.8,M,,0000*63$GPGSA,A,3,12,02,25,20,24,19,,,,,,,2.1,1.3,1.6*3E$GPRMC,143709.000,A,3820.5572,N,12052.5043,W,44.93,99.40,210821,,,A*78$GPGGA,143710.000,3820.5552,N,12052.4886,W,1,06,1.3,238.9,M,-22.8,M,,0000*67$GPGSA,A,3,12,02,25,20,24,19,,,,,,,2.1,1.3,1.6*3E$GPGSV,3,1,11,12,85,335,33,02,71,046,38,25,49,312,29,20,39,132,34*73$GPGSV,3,2,11,24,21,206,27,19,09,075,20,08,42,045,,28,27,187,*73$GPGSV,3,3,11,23,14,107,,03,12,100,,06,05,056,*4A$GPRMC,143710.000,A,3820.5552,N,12052.4886,W,45.52,98.24,210821,,,A*7D$GPGGA,143711.000,3820.5536,N,12052.4726,W,1,06,1.3,240.1,M,-22.8,M,,0000*66$GPGSA,A,3,12,02,25,20,24,19,,,,,,,2.1,1.3,1.6*3E$GPRMC,143711.000,A,3820.5536,N,12052.4726,W,46.32,96.33,210821,,,A*76$GPGGA,143712.000,3820.5525,N,12052.4562,W,1,06,1.3,241.2,M,-22.8,M,,0000*67$GPGSA,A,3,12,02,25,20,24,19,,,,,,,2.1,1.3,1.6*3E$GPRMC,143712.000,A,3820.5525,N,12052.4562,W,46.96,94.10,210821,,,A*78$GPGGA,143713.000,3820.5518,N,12052.4396,W,1,06,1.3,242.4,M,-22.8,M,,0000*60$GPGSA,A,3,12,02,25,20,24,19,,,,,,,2.1,1.3,1.6*3E$GPRMC,143713.000,A,3820.5518,N,12052.4396,W,47.21,92.11,210821,,,A*70$GPGGA,143720.000,3820.5583,N,12052.3214,W,1,06,1.3,252.5,M,-22.8,M,,0000*6E$GPGSA,A,3,12,02,25,20,24,19,,,,,,,2.1,1.3,1.6*3E$GPGSV,3,1,11,12,85,335,34,02,71,046,38,25,49,312,37,20,39,132,35*7A$GPGSV,3,2,11,24,21,206,18,19,09,075,28,08,42,045,,28,27,187,*77$GPGSV,3,3,11,23,14,107,,03,12,100,,06,05,056,*4A$GPRMC,143720.000,A,3820.5583,N,12052.3214,W,49.88,79.12,210821,,,A*75$GPGGA,143721.000,3820.5612,N,12052.3041,W,1,06,1.3,254.0,M,-22.8,M,,0000*65$GPGSA,A,3,12,02,25,20,24,19,,,,,,,2.1,1.3,1.6*3E$GPRMC,143721.000,A,3820.5612,N,12052.3041,W,49.94,76.81,210821,,,A*75$GPGGA,143722.000,3820.5647,N,12052.2869,W,1,06,1.3,255.5,M,-22.8,M,,0000*61$GPGSA,A,3,12,02,25,20,24,19,,,,,,,2.1,1.3,1.6*3E$GPRMC,143722.000,A,3820.5647,N,12052.2869,W,49.97,74.90,210821,,,A*74$GPGGA,143723.000,3820.5686,N,12052.2699,W,1,06,1.3,257.1,M,-22.8,M,,0000*6A$GPGSA,A,3,12,02,25,20,24,19,,,,,,,2.1,1.3,1.6*3E$GPRMC,143723.000,A,3820.5686,N,,,A*79$GPGGA,143724.000,3820.5728,N,12052.2531,W,1,06,1.3,258.6,M,-22.8,M,,0000*61$GPGSA,A,3,12,02,25,20,24,19,,,,,,,2.1,1.3,1.6*3E$GPRMC,143724.000,A,3820.5728,N,12052.2531,W,49.51,71.99,210821,,,A*7C$GPGGA,143725.000,3820.5773,N,12052.2366,W,1,06,1.3,259.9,M,-22.8,M,,0000*64$GPGSA,A,3,12,02,25,20,24,19,,,,,,,2.1,1.3,1.6*3E$GPGSV,3,1,11,12,85,335,34,02,71,046,39,25,49,312,36,20,39,132,38*77$GPGSV,3,2,11,24,21,206,26,19,09,075,31,08,42,045,,28,27,187,*72$GPGSV,3,3,11,23,14,107,,03,12,100,,06,05,056,*4A$GPRMC,143725.000,A,3820.5773,N,12052.2366,W,49.24,70.85,210821,,,A*79$GPGGA,143726.000,3820.5819,N,12052.2202,W,1,06,1.3,261.3,M,-22.8,M,,0000*66$GPGSA,A,3,12,02,25,20,24,19,,,,,,,2.1,1.3,1.6*3E$GPRMC,143726.000,A,3820.5819,N,12052.2202,W,49.23,70.01,210821,,,A*71$GPGGA,143727.000,3820.5867,N,12052.2038,W,1,06,1.3,262.6,M,-22.8,M,,0000*63$GPGSA,A,3,12,02,25,20,24,19,,,,,,,2.1,1.3,1.6*3E$GPRMC,143727.000,A,3820.5867,N,12052.2038,W,49.20,69.70,210821,,,A*7F$GPGGA,143728.000,3820.5915,N,12052.1875,W,1,06,1.3,263.9,M,-22.8,M,,0000*64$GPGSA,A,3,12,02,25,20,24,19,,,,,,,2.1,1.3,1.6*3E$GPRMC,143728.000,A,3820.5915,N,12052.1875,W,49.39,69.78,210821,,,A*76$GPGGA,143729.000,3820.5963,N,12052.1710,W,1,06,1.3,265.2,M,-22.8,M,,0000*65$GPGSA,A,3,12,02,25,20,24,19,,,,,,,2.1,1.3,1.6*3E$GPRMC,143729.000,A,3820.5963,N,12052.1710,W,49.61,70.10,210821,,,A*71$GPGGA,143730.000,3820.6011,N,12052.1545,W,1,06,1.3,266.3,M,-22.8,M,,0000*62$GPGSA,A,3,12,02,25,20,24,19,,,,,,,2.1,1.3,1.6*3E$GPGSV,3,1,11,12,85,335,35,02,71,046,40,25,49,312,32,20,39,132,38*7C$GPGSV,3,2,11,24,21,206,21,19,09,075,29,08,42,045,,28,27,187,*7C$GPGSV,3,3,11,23,14,107,,03,12,100,,06,05,056,*4A$GPRMC,143730.000,A,3820.6011,N,12052.1545,W,49.68,69.86,210821,,,A*7A$GPGGA,143731.000,3820.6059,N,12052.1379,W,1,06,1.3,267.5,M,-22.8,M,,0000*61$GPGSA,A,3,12,02,25,20,24,19,,,,,,,2.1,1.3,1.6*3E$GPRMC,143731.000,A,3820.6059,N,12052.1379,W,49.95,69.66,210821,,,A*72$GPGGA,143732.000,3820.6109,N,12052.1213,W,1,06,1.3,268.7,M,-22.8,M,,0000*66$GPGSA,A,3,12,02,25,20,24,19,,,,,,,2.1,1.3,1.6*3E$GPRMC,143732.000,A,3820.6109,N,12052.1213,W,50.42,69.62,210821,,,A*7E$GPGGA,143733.000,3820.6158,N,12052.1044,W,1,06,1.3,269.8,M,-22.8,M,,0000*6D$GPGSA,A,3,12,02,2$GPRMC,143733.000,A,3820.6158,N,12052.1044,W,50.90,70.19,210821,,,A*70$GPGGA,143736.000,3820.6287,N,12052.0524,W,1,05,2.4,273.1,M,-22.8,M,,0000*6E$GPGSA,A,3,12,02,25,20,19,,,,,,,,3.4,2.4,2.5*38$GPRMC,143736.000,A,3820.6287,N,12052.0524,W,51.38,74.65,210821,,,A*7A$GPGGA,143737.000,3820.6321,N,12052.0349,W,1,05,2.4,274.1,M,-22.8,M,,0000*68$GPGSA,A,3,12,02,25,20,19,,,,,,,,3.4,2.4,2.5*38$GPRMC,143737.000,A,3820.6321,N,12052.0349,W,51.07,76.86,210821,,,A*78$GPGGA,143738.000,3820.6350,N,12052.0173,W,1,05,2.4,275.0,M,-22.8,M,,0000*6A$GPGSA,A,3,12,02,25,20,19,,,,,,,,3.4,2.4,2.5*38$GPRMC,143738.000,A,3820.6350,N,12052.0173,W,50.98,79.29,210821,,,A*77$GPGGA,143739.000,3820.6372,N,12051.9996,W,1,05,2.4,275.9,M,-22.8,M,,0000*6B$GPGSA,A,3,12,02,25,20,19,,,,,,,,3.4,2.4,2.5*38$GPRMC,143739.000,A,3820.6372,N,12051.9996,W,50.85,81.73,210821,,,A*7B$GPGGA,143740.000,3820.6390,N,12051.9818,W,1,06,1.3,276.8,M,-22.8,M,,0000*6B$GPGSA,A,3,12,02,25,20,24,19,,,,,,,2.1,1.3,1.6*3E$GPGSV,3,1,11,12,85,335,36,02,71,046,39,25,49,312,36,20,39,132,34*79$GPGSV,3,2,11,24,21,206,22,19,09,075,23,08,42,045,,28,27,187,*75$GPGSV,3,3,11,23,14,107,,03,12,100,,06,05,056,*4A$GPRMC,143740.000,A,3820.6390,N,12051.9818,W,50.50,83.55,210821,,,A*70$GPGGA,143741.000,3820.6402,N,12051.9642,W,1,05,2.7,277.7,M,-22.8,M,,0000*6D$GPGSA,A,3,12,02,25,20,24,,,,,,,,5.3,2.7,4.6*31$GPRMC,143741.000,A,3820.6402,N,12051.9642,W,49.97,85.55,210821,,,A*79$GPGGA,143742.000,3820.6410,N,12051.9467,W,1,06,1.3,278.7,M,-22.8,M,,0000*63$GPGSA,A,3,12,02,25,20,24,19,,,,,,,2.1,1.3,1.6*3E$GPRMC,143742.000,A,3820.6410,N,12051.9467,W,49.56,87.32,210821,,,A*72$GPGGA,143743.000,3820.6415,N,12051.9292,W,1,06,1.3,279.4,M,-22.8,M,,0000*69$GPGSA,A,3,12,02,25,20,24,19,,,,,,,2.1,1.3,1.6*3E$GPRMC,143743.000,A,3820.6415,N,12051.9292,W,49.54,88.16,210821,,,A*71$GPGGA,143744.000,3820.6419,N,12051.9116,W,1,06,1.3,280.2,M,-22.8,M,,0000*6D$GPGSA,A,3,12,02,25,20,24,19,,,,,,,2.1,1.3,1.6*3E$GPRMC,143744.000,A,3820.6419,N,12051.9116,W,49.84,88.15,210821,,,A*7B$GPGGA,143745.000,3820.6421,N,12051.8941,W,1,06,1.3,281.4,M,-22.8,M,,0000*6B$GPGSA,A,3,12,02,25,20,24,19,,,,,,,2.1,1.3,1.6*3E$GPGSV,3,1,11,12,85,335,36,02,71,046,38,25,49,312,37,20,39,132,34*79$GPGSV,3,2,11,24,21,206,21,19,09,075,31,08,42,045,,28,27,187,*75$GPGSV,3,3,11,23,14,107,,03,12,100,,06,05,056,*4A$GPRMC,143745.000,A,3820.6421,N,12051.8941,W,50.41,88.36,210821,,,A*7A$GPGGA,143746.000,3820.6425,N,12051.8761,W,1,06,1.3,282.3,M,-22.8,M,,0000*64$GPGSA,A,3,12,02,25,20,24,19,,,,,,,2.1,1.3,1.6*3E$GPRMC,143746.000,A,3820.6425,N,12051.8761,W,51.34,88.64,210821,,,A*75$GPGGA,143747.000,3820.6428,N,12051.8577,W,1,06,1.3,283.1,M,-22.8,M,,0000*6E$GPGSA,A,3,12,02,25,20,24,19,,,,,,,2.1,1.3,1.6*3E$GPRMC,143747.000,A,3820.6428,N,12051.8577,W,52.11,88.74,210821,,,A*79$GPGGA,143748.000,3820.6433,N,12051.8391,W,1,06,1.3,283.9,M,-22.8,M,,0000*6D$GPGSA,A,3,12,02,25,20,24,19,,,,,,,2.1,1.3,1.6*3E$GPRMC,143748.000,A,3820.6433,N,12051.8391,W,53.22,87.55,210821,,,A*7F$GPGGA,143749.000,3820.6442,N,12051.8202,W,1,06,1.3,284.6,M,-22.8,M,,0000*69$GPGSA,A,3,12,02,25,20,24,19,,,,,,,2.1,1.3,1.6*3E$GPRMC,143749.000,A,3820.6442,N,12051.8202,W,54.30,85.59,210821,,,A*79$GPGGA,143750.000,3820.6455,N,12051.8009,W,1,06,1.3,285.4,M,-22.8,M,,0000*6D$GPGSA,A,3,12,02,25,20,24,19,,,,,,,2.1,1.3,1.6*3E$GPGSV,3,1,11,12,85,335,36,02,71,046,38,25,49,312,37,20,39,132,34*79$GPGSV,3,2,11,24,21,206,20,19,09,075,31,08,42,045,,28,27,187,*74$GPGSV,3,3,11,23,14,107,,03,12,100,,06,05,056,*4A$GPRMC,143750.000,A,3820.6455,N,12051.8009,W,54.98,84.04,210821,,,A*75$GPGGA,143751.000,3820.6475,N,12051.7815,W,1,06,1.3,286.2,M,-22.8,M,,0000*61$GPGSA,A,3,12,02,25,20,24,19,,,,,,,2.1,1.3,1.6*3E$GPRMC,143751.000,A,3820.6475,N,12051.7815,W,55.76,81.88,210821,,,A*7C$GPGGA,143752.000,3820.6499,N,12051.7619,W,1,06,1.3,287.3,M,-22.8,M,,0000*62$GPGSA,A,3,12,02,25,20,24,19,,,,,,,2.1,1.3,1.6*3E$GPRMC,143752.000,A,3820.6499,N,12051.7619,W,56.57,80.02,210821,,,A*7C$GPGGA,143753.000,3820.6532,N,12051.7421,W,1,06,1.3,288.5,M,-22.8,M,,0000*63$GPGSA,A,3,12,02,25,20,24,19,,,,,,,2.1,1.3,1.6*3E$GPRMC,143753.000,A,3820.6532,N,12051.7421,W,56.90,76.96,210821,,,A*7B$GPGGA,143754.000,3820.6572,N,12051.7226,W,1,06,1.3,289.7,M,-22.8,M,,0000*62$GPGSA,A,3,12,02,25,20,24,19,,,,,,,2.1,1.3,1.6*3E$GPRMC,143754.000,A,3820.6572,N,12051.7226,W,57.11,74.85,210821,,,A*71$GPGGA,143755.000,3820.6620,N,12051.7031,W,1,06,1.3,291.0,M,-22.8,M,,0000*6D$GPGSA,A,3,12,02,25,20,24,19,,,,,,,2.1,1.3,1.6*3E$GPGSV,3,1,11,12,85,335,35,02,71,046,38,25,49,312,34,20,39,132,36*7B$GPGSV,3,2,11,24,21,206,24,19,09,075,28,08,42,045,,28,27,187,*78$GPGSV,3,3,11,23,14,107,,03,12,100,,06,05,056,*4A$GPRMC,143755.000,A,3820.6620,N,12051.7031,W,57.70,72.86,210821,,,A*72$GPGGA,143756.000,3820.6671,N,12051.6838,W,1,06,1.3,292.5,M,-22.8,M,,0000*6C$GPGSA,A,3,12,02,25,20,24,19,,,,,,,2.1,1.3,1.6*3E$GPRMC,143756.000,A,3820.6671,N,12051.6838,W,57.57,71.09,210821,,,A*74$GPGGA,143757.000,3820.6728,N,12051.6646,W,1,06,1.3,294.3,M,-22.8,M,,0000*67$GPGSA,A,3,12,02,25,20,24,19,,,,,,,2.1,1.3,1.6*3E$GPRMC,143757.000,A,3820.6728,N,12051.6646,W,57.74,69.76,210821,,,A*7F$GPGGA,143758.000,3820.6787,N,12051.6454,W,1,06,1.3,296.3,M,-22.8,M,,0000*6E$GPGSA,A,3,12,02,25,20,24,19,,,,,,,2.1,1.3,1.6*3E$GPRMC,143758.000,A,3820.6787,N,12051.6454,W,57.67,68.89,210821,,,A*77$GPGGA,143759.000,3820.6847,N,12051.6265,W,1,06,1.3,298.4,M,-22.8,M,,0000*61$GPGSA,A,3,12,02,25,20,24,19,,,,,,,2.1,1.3,1.6*3E$GPRMC,143759.000,A,3820.6847,N,12051.6265,W,57.57,68.58,210821,,,A*7E$GPGGA,143800.000,3820.6908,N,12051.6075,W,1,06,1.3,300.5,M,-22.8,M,,0000*6A$GPGSA,A,3,12,02,25,20,24,19,,,,,,,2.1,1.3,1.6*3E$GPGSV,3,1,11,12,85,335,35,02,71,046,38,25,49,312,35,20,39,132,37*7B$GPGSV,3,2,11,24,21,206,22,19,09,075,26,08,42,045,,28,27,187,*70$GPGSV,3,3,11,23,14,107,,03,12,100,,06,05,056,*4A$GPRMC,143800.000,A,3820.6908,N,12051.6075,W,57.75,68.55,210821,,,A*79$GPGGA,143801.000,3820.6967,N,12051.5887,W,1,06,1.3,302.7,M,-22.8,M,,0000*64$GPGSA,A,3,12,02,25,20,24,19,,,,,,,2.1,1.3,1.6*3E$GPRMC,143801.000,A,3820.6967,N,12051.5887,W,56.77,68.61,210821,,,A*73$GPGGA,143802.000,3820.7026,N,12051.5701,W,1,06,1.3,304.8,M,-22.8,M,,0000*62$GPGSA,A,3,12,02,25,20,24,19,,,,,,,2.1,1.3,1.6*3E$GPRMC,143802.000,A,3820.7026,N,12051.5701,W,55.88,68.38,210821,,,A*73$GPGGA,143803.000,3820.7083,N,12051.5520,W,1,06,1.3,307.0,M,-22.8,M,,0000*66$GPGSA,A,3,12,02,25,20,24,19,,,,,,,2.1,1.3,1.6*3E$GPRMC,143803.000,A,3820.7083,N,12051.5520,W,54.54,68.59,210821,,,A*7B$GPGGA,143804.000,3820.7137,N,12051.5344,W,1,06,1.3,309.3,M,-22.8,M,,0000*66$GPGSA,A,3,12,02,25,20,24,19,,,,,,,2.1,1.3,1.6*3E$GPRMC,143804.000,A,3820.7137,N,12051.5344,W,53.44,68.85,210821,,,A*71$GPGGA,143805.000,3820.7191,N,12051.5169,W,1,06,1.3,311.3,M,-22.8,M,,0000*6F$GPGSA,A,3,12,02,25,20,24,19,,,,,,,2.1,1.3,1.6*3E$GPGSV,3,1,11,12,85,335,35,02,71,046,38,25,49,312,35,20,39,132,37*7B$GPGSV,3,2,11,24,21,206,21,19,09,075,30,08,42,045,,28,27,187,*74$GPGSV,3,3,11,23,14,107,,03,12,100,,06,05,056,*4A$GPRMC,143805.000,A,3820.7191,N,12051.5169,W,52.96,69.04,210821,,,A*77$GPGGA,143806.000,3820.7244,N,12051.4995,W,1,06,1.3,313.3,M,-22.8,M,,0000*6F$GPGSA,A,3,12,02,25,20,24,19,,,,,,,2.1,1.3,1.6*3E$GPRMC,143806.000,A,3820.7244,N,12051.4995,W,52.87,68.73,210821,,,A*74$GPGGA,143807.000,3820.7297,N,12051.4823,W,1,06,1.3,315.2,M,-22.8,M,,0000*6B$GPGSA,A,3,12,02,25,20,24,19,,,,,,,2.1,1.3,1.6*3E$GPRMC,143807.000,A,3820.7297,N,12051.4823,W,52.54,68.67,210821,,,A*7C$GPGGA,143808.000,3820.7349,N,12051.4652,W,1,06,1.3,317.0,M,-22.8,M,,0000*6E$GPGSA,A,3,12,02,25,20,24,19,,,,,,,2.1,1.3,1.6*3E$GPRMC,143808.000,A,3820.7349,N,12051.4652,W,51.97,68.89,210821,,,A*75$GPGGA,143809.000,3820.7402,N,12051.4480,W,1,06,1.3,318.8,M,-22.8,M,,0000*6D$GPGSA,A,3,12,02,25,20,24,19,,,,,,,2.1,1.3,1.6*3E$GPRMC,143809.000,A,3820.7402,N,12051.4480,W,52.22,68.18,210821,,,A*74$GPGGA,143810.000,3820.7455,N,12051.4310,W,1,06,1.3,320.4,M,-22.8,M,,0000*6E$GPGSA,A,3,12,02,25,20,24,19,,,,,,,2.1,1.3,1.6*3E$GPGSV,3,1,11,12,85,335,35,02,71,046,38,25,49,312,34,20,39,132,37*7A$GPGSV,3,2,11,24,21,206,22,19,09,075,30,08,42,045,,28,27,187,*77$GPGSV,3,3,11,23,14,107,,03,12,100,,06,05,056,*4A$GPRMC,143810.000,A,3820.7455,N,12051.4310,W,51.86,68.44,210821,,,A*74$GPGGA,143811.000,3820.7507,N,12051.4141,W,1,06,1.3,321.9,M,-22.8,M,,0000*63$GPGSA,A,3,12,02,25,20,24,19,,,,,,,2.1,1.3,1.6*3E$GPRMC,143811.000,A,3820.7507,N,12051.4141,W,51.49,68.58,210821,,,A*7B$GPGGA,143812.000,3820.7559,N,12051.3972,W,1,06,1.3,323.3,M,-22.8,M,,0000*6C$GPGSA,A,3,12,02,25,20,24,19,,,,,,,2.1,1.3,1.6*3E$GPRMC,143812.000,A,3820.7559,N,12051.3972,W,51.31,68.81,210821,,,A*77$GPGGA,143813.000,3820.7610,N,12051.3804,W,1,06,1.3,324.8,M,-22.8,M,,0000*6F$GPGSA,A,3,12,02,25,20,24,19,,,,,,,2.1,1.3,1.6*3E$GPRMC,143813.000,A,3820.7610,N,12051.3804,W,51.13,68.75,210821,,,A*73$GPGGA,143814.000,3820.7662,N,12051.3636,W,1,06,1.3,326.2,M,-22.8,M,,0000*6A$GPGSA,A,3,12,02,25,20,24,19,,,,,,,2.1,1.3,1.6*3E$GPRMC,143814.000,A,3820.7662,N,12051.3636,W,51.05,68.73,210821,,,A*7F$GPGGA,143815.000,3820.7714,N,12051.3467,W,1,06,1.3,327.6,M,-22.8,M,,0000*68$GPGSA,A,3,12,02,25,20,24,19,,,,,,,2.1,1.3,1.6*3E$GPGSV,3,1,11,12,85,335,35,02,71,046,39,25,49,312,34,20,39,132,38*74$GPGSV,3,2,11,24,21,206,22,19,09,075,31,08,42,045,,28,27,187,*76$GPGSV,3,3,11,23,14,107,,03,12,100,,06,05,056,*4A$GPRMC,143815.000,A,3820.7714,N,12051.3467,W,50.86,68.80,210821,,,A*7E$GPGGA,143816.000,3820.7764,N,12051.3300,W,1,06,1.3,329.2,M,-22.8,M,,0000*60$GPGSA,A,3,12,02,25,20,24,19,,,,,,,2.1,1.3,1.6*3E$GPRMC,143816.000,A,3820.7764,N,12051.3300,W,50.44,69.15,210821,,,A*7F$GPGGA,143817.000,3820.7815,N,12051.3133,W,1,06,1.3,330.6,M,-22.8,M,,0000*66$GPGSA,A,3,12,02,25,20,24,19,,,,,,,2.1,1.3,1.6*3E$GPRMC,143817.000,A,3820.7815,N,12051.3133,W,50.54,69.03,210821,,,A*73$GPGGA,143818.000,3820.7865,N,12051.2967,W,1,06,1.3,332.0,M,-22.8,M,,0000*62$GPGSA,A,3,12,02,25,20,24,19,,,,,,,2.1,1.3,1.6*3E$GPRMC,143818.000,A,3820.7865,N,12051.2967,W,50.27,68.79,210821,,,A*7B$GPGGA,143819.000,3820.7915,N,12051.2802,W,1,06,1.3,333.4,M,-22.8,M,,0000*62$GPGSA,A,3,12,02,25,20,24,19,,,,,,,2.1,1.3,1.6*3E$GPRMC,143819.000,A,3820.7915,N,12051.2802,W,49.84,68.84,210821,,,A*7D$GPGGA,143820.000,3820.7965,N,12051.2638,W,1,06,1.3,334.6,M,-22.8,M,,0000*6D051.2307,W,1,06,1.3,336.8,M,-22.8,M,,0000*6F$GPGSA,A,3,12,02,25,20,24,19,,,,,,,2.1,1.3,1.6*3E$GPRMC,143822.000,A,3820.8066,N,12051.2307,W,50.38,68.66,210821,,,A*7A$GPGGA,143823.000,3820.8118,N,12051.2141,W,1,06,1.3,337.7,M,-22.8,M,,0000*68$GPGSA,A,3,12,02,25,20,24,19,,,,,,,2.1,1.3,1.6*3E$GPRMC,143823.000,A,3820.8118,N,12051.2141,W,50.62,68.78,210821,,,A*73$GPGGA,143824.000,3820.8169,N,12051.1974,W,1,06,1.3,338.4,M,-22.8,M,,0000*68$GPGSA,A,3,12,02,25,20,24,19,,,,,,,2.1,1.3,1.6*3E$GPRMC,143824.000,A,3820.8169,N,12051.1974,W,50.61,69.05,210821,,,A*77$GPGGA,143825.000,3820.8220,N,12051.1806,W,1,06,1.3,339.2,M,-22.8,M,,0000*64$GPGSA,A,3,12,02,25,20,24,19,,,,,,,2.1,1.3,1.6*3E$GPGSV,3,1,11,12,85,335,34,02,71,046,38,25,49,312,33,20,39,132,37*7C$GPGSV,3,2,11,24,21,206,23,19,09,075,29,08,42,045,,28,27,187,*7E$GPGSV,3,3,11,23,14,107,,03,12,100,,06,05,056,*4A$GPRMC,143825.000,A,3820.8220,N,12051.1806,W,50.79,68.86,210821,,,A*7F$GPGGA,143826.000,3820.8271,N,12051.1639,W,1,06,1.3,340.0,M,-22.5,20,24,19,,,,,,,2.1,1.3,1.6*3E$GPRMC,143826.000,A,3820.8271,N,12051.1639,W,50.73,68.60,210821,,,A*78$GPGGA,143827.000,3820.8322,N,12051.1473,W,1,06,1.3,340.9,M,-22.8,M,,0000*6E$GPGSA,A,3,12,02,25,20,24,19,,,,,,,2.1,1.3,1.6*3E$GPRMC,143827.000,A,3820.8322,N,12051.1473,W,50.29,68.68,210821,,,A*75$GPGGA,143828.000,3820.8373,N,12051.1310,W,1,06,1.3,341.7,M,-22.8,M,,0000*68$GPGSA,A,3,12,02,25,20,24,19,,,,,,,2.1,1.3,1.6*3E$GPRMC,143828.000,A,3820.8373,N,12051.1310,W,49.63,68.04,210821,,,A*70$GPGGA,143829.000,3820.8424,N,12051.1151,W,1,06,1.3,342.3,M,-22.8,M,,0000*6C$GPGSA,A,3,12,02,25,20,24,19,,,,,,,2.1,1.3,1.6*3E$GPRMC,143829.000,A,3820.8424,N,12051.1151,W,48.28,66.93,210821,,,A*7D$GPGGA,143830.000,3820.8476,N,12051.0999,W,1,06,1.3,343.1,M,-22.8,M,,0000*6D$GPGSA,A,3,12,02,25,20,24,19,,,,,,,2.1,1.3,1.6*3E$GPGSV,3,1,11,12,85,335,35,02,71,046,39,25,49,312,34,20,39,132,38*74$GPGSV,3,2,11,24,21,206,25,19,09,075,32,08,42,045,,28,27,187,*72$GPGSV,3,3,11,23,14,107,,03,12,100,,06,05,056,*4A$GPRMC,143830.000,A,3820.8476,N,12051.0999,W,46.43,65.68,210821,,,A*7B$GPGGA,143831.000,3820.8529,N,12051.0853,W,1,06,1.3,343.9,M,-22.8,M,,0000*68$GPGSA,A,3,12,02,25,20,24,19,,,,,,,2.1,1.3,1.6*3E$GPRMC,143831.000,A,3820.8529,N,12051.0853,W,45.14,64.69,210821,,,A*77$GPGGA,143832.000,3820.8583,N,12051.0711,W,1,06,1.3,344.9,M,-22.8,M,,0000*65$GPGSA,A,3,12,02,25,20,24,19,,,,,,,2.1,1.3,1.6*3E$GPRMC,143832.000,A,3820.8583,N,12051.0711,W,44.68,64.16,210821,,,A*7F$GPGGA,143833.000,3820.8637,N,12051.0570,W,1,06,1.3,345.8,M,-22.8,M,,0000*6D$GPGSA,A,3,12,02,25,20,24,19,,,,,,,2.1,1.3,1.6*3E$GPRMC,143833.000,A,3820.8637,N,12051.0570,W,44.84,63.41,210821,,,A*70$GPGGA,143834.000,3820.8694,N,12051.0430,W,1,06,1.3,346.6,M,-22.8,M,,0000*6B$GPGSA,A,3,12,02,25,20,24,19,,,,,,,2.1,1.3,1.6*3E$GPRMC,143834.000,A,3820.8694,N,12051.0430,W,44.91,62.56,210821,,,A*78$GPGGA,143835.000,3820.8752,N,12051.0290,W,1,06,1.3,347.5,M,-22.8,M,,0000*6F$GPGSA,A,3,12,02,25,20,24,19,,,,,,,2.1,1.3,1.6*3E$GPGSV,3,1,11,12,85,335,35,02,71,046,39,25,49,312,37,20,39,132,38*77$GPGSV,3,2,11,24,21,206,25,19,09,075,33,08,42,045,,28,27,187,*73$GPGSV,3,3,11,23,14,107,,03,12,100,,06,05,056,*4A$GPRMC,143835.000,A,3820.8752,N,12051.0290,W,45.13,61.86,210821,,,A*7B$GPGGA,143836.000,3820.8812,N,12051.0150,W,1,06,1.3,348.4,M,-22.8,M,,0000*66$GPGSA,A,3,12,02,25,20,24,19,,,,,,,2.1,1.3,1.6*3E$GPRMC,143836.000,A,3820.8812,N,12051.0150,W,45.28,61.07,210821,,,A*7D$GPGGA,143837.000,3820.8874,N,12051.0011,W,1,06,1.3,349.4,M,-22.8,M,,0000*62$GPGSA,A,3,12,02,25,20,24,19,,,,,,,2.1,1.3,1.6*3E$GPRMC,143837.000,A,3820.8874,N,12051.0011,W,45.44,60.33,210821,,,A*74$GPGGA,143838.000,3820.8937,N,12050.9872,W,1,06,1.3,350.4,M,-22.8,M,,0000*66$GPGSA,A,3,12,02,25,20,24,19,,,,,,,2.1,1.3,1.6*3E$GPRMC,143838.000,A,3820.8937,N,12050.9872,W,45.30,60.60,210821,,,A*7D$GPGGA,143839.000,3820.8999,N,12050.9732,W,1,06,1.3,351.3,M,-22.8,M,,0000*6E$GPGSA,A,3,12,02,25,20,24,19,,,,,,,2.1,1.3,1.6*3E$GPRMC,143839.000,A,3820.8999,N,12050.9732,W,45.80,60.71,210821,,,A*78$GPGGA,143840.000,3820.9062,N,12050.9592,W,1,06,1.3,352.2,M,-22.8,M,,0000*66$GPGSA,A,3,12,02,25,20,24,19,,,,,,,2.1,1.3,1.6*3E$GPGSV,3,1,11,12,85,335,35,02,71,046,38,25,49,312,37,20,39,132,37*79$GPGSV,3,2,11,24,21,206,26,19,09,075,32,08,42,045,,28,27,187,*71$GPGSV,3,3,11,23,14,107,,03,12,100,,06,05,056,*4A$GPRMC,143840.000,A,3820.9062,N,12050.9592,W,45.99,60.26,210821,,,A*78$GPGGA,143841.000,3820.9126,N,12050.9451,W,1,06,1.3,353.1,M,-22.8,M,,0000*6A$GPGSA,A,3,12,02,25,20,24,19,,,,,,,2.1,1.3,1.6*3E$GPRMC,143841.000,A,3820.9126,N,12050.9451,W,46.21,59.94,210821,,,A*75$GPGGA,143842.000,3820.9190,N,12050.9310,W,1,06,1.3,354.0,M,-22.8,M,,0000*60$GPGSA,A,3,12,02,25,20,24,19,,,,,,,2.1,1.3,1.6*3E$GPRMC,143842.000,A,3820.9190,N,12050.9310,W,46.34,60.02,210821,,,A*78$GPGGA,143843.000,3820.9255,N,12050.9168,W,1,06,1.3,354.9,M,-22.8,M,,0000*6F$GPGSA,A,3,12,02,25,20,24,19,,,,,,,2.1,1.3,1.6*3E$GPRMC,143843.000,A,3820.9255,N,12050.9168,W,46.56,60.21,210821,,,A*7B$GPGGA,143844.000,3820.9319,N,12050.9026,W,1,06,1.3,355.8,M,-22.8,M,,0000*6A$GPGSA,A,3,12,02,25,20,24,19,,,,,,,2.1,1.3,1.6*3E$GPRMC,143844.000,A,3820.9319,N,12050.9026,W,46.92,60.02,210821,,,A*77$GPGGA,143845.000,3820.9385,N,12050.8882,W,1,06,1.3,356.5,M,-22.8,M,,0000*67$GPGSA,A,3,12,02,25,20,24,19,,,,,,,2.1,1.3,1.6*3E$GPGSV,3,1,11,12,85,335,35,02,71,046,39,25,49,312,36,20,39,132,37*79$GPGSV,3,2,11,24,21,206,28,19,09,075,32,08,42,045,,28,27,187,*7F$GPGSV,3,3,11,23,14,107,,03,12,100,,06,05,056,*4A$GPRMC,143845.000,A,3820.9385,N,12050.8882,W,47.33,60.28,210821,,,A*76$GPGGA,143846.000,3820.9449,N,12050.8736,W,1,06,1.3,357.2,M,-22.8,M,,0000*65$GPGSA,A,3,12,02,25,20,24,19,,,,,,,2.1,1.3,1.6*3E$GPRMC,143846.000,A,3820.9449,N$GPGGA,143847.000,3820.9512,N,12050.8590,W,1,06,1.3,357.9,M,-22.8,M,,0000*6E$GPGSA,A,3,12,02,25,20,24,19,,,,,,,2.1,1.3,1.6*3E$GPRMC,143847.000,A,3820.9512,N,12050.8590,W,47.12,61.54,210821,,,A*7B$GPGGA,143848.000,3820.9575,N,12050.8444,W,1,06,1.3,358.6,M,-22.8,M,,0000*68$GPGSA,A,3,12,02,25,20,24,19,,,,,,,2.1,1.3,1.6*3E$GPRMC,143848.000,A,3820.9575,N,12050.8444,W,46.81,61.95,210821,,,A*7B$GPGGA,143849.000,3820.9635,N,12050.8298,W,1,06,1.3,359.3,M,-22.8,M,,0000*6D$GPGSA,A,3,12,02,25,20,24,19,,,,,,,2.1,1.3,1.6*3E$GPRMC,143849.000,A,3820.9635,N,12050.8298,W,46.80,62.41,210821,,,A*71$GPGGA,143850.000,3820.9694,N,12050.8151,W,1,06,1.3,359.8,M,-22.8,M,,0000*63$GPGSA,A,3,12,02,25,20,24,19,,,,,,,2.1,1.3,1.6*3E$GPGSV,3,1,11,12,85,335,35,02,71,046,39,25,49,312,35,20,39,132,37*7A$GPGSV,3,2,11,24,21,206,28,19,09,075,32,08,42,045,,28,27,187,*7F$GPGSV,3,3,11,23,14,107,,03,12,100,,06,05,056,*4A$GPRMC,143850.000,A,3820.9694,N,12050.8151,W,46.61,63.83,210821,,,A*74$GPGGA,143851.000,3820.9750,N,12050.8002,W,1,06,1.3,360.5,M,-22.8,M,,0000*6B$GPGSA,A,3,12,02,25,20,24,19,,,,,,,2.1,1.3,1.6*3E$GPRMC,143851.000,A,3820.9750,N,12050.8002,W,46.69,65.03,210821,,,A*7D$GPGGA,143852.000,3820.9803,N,12050.7852,W,1,06,1.3,361.2,M,-22.8,M,,0000*65$GPGSA,A,3,12,02,25,20,24,19,,,,,,,2.1,1.3,1.6*3E$GPRMC,143852.000,A,3820.9803,N,12050.7852,W,46.55,66.20,210821,,,A*78$GPGGA,143853.000,3820.9854,N,12050.7701,W,1,06,1.3,361.9,M,-22.8,M,,0000*64$GPGSA,A,3,12,02,25,20,24,19,,,,,,,2.1,1.3,1.6*3E$GPRMC,143853.000,A,3820.9854,N,12050.7701,W,46.61,67.09,210821,,,A*7F$GPGGA,143854.000,3820.9903,N,12050.7549,W,1,06,1.3,362.4,M,-22.8,M,,0000*60$GPGSA,A,3,12,02,25,20,24,19,,,,,,,2.1,1.3,1.6*3E$GPRMC,143854.000,A,3820.9903,N,12050.7549,W,46.74,67.82,210821,,,A*72$GPGGA,143855.000,3820.9951,N,12050.7396,W,1,06,1.3,363.1,M,-22.8,M,,0000*66$GPGSA,A,3,12,02,25,20,24,19,,,,,,,2.1,1.3,1.6*3E$GPGSV,3,1,11,12,85,335,34,02,71,046,38,25,49,312,29,20,39,132,37*77$GPGSV,3,2,11,24,21,206,24,19,09,075,32,08,42,045,,28,27,187,*73$GPGSV,3,3,11,23,14,107,,03,12,100,,06,05,056,*4A$GPRMC,143855.000,A,3820.9951,N,12050.7396,W,46.73,68.57,210821,,,A*70$GPGGA,143856.000,3820.9998,N,12050.7240,W,1,06,1.3,364.0,M,-22.8,M,,0000*6C$GPGSA,A,3,12,02,25,20,24,19,,,,,,,2.1,1.3,1.6*3E$GPRMC,143856.000,A,3820.9998,N,12050.7240,W,47.09,69.36,210821,,,A*76$GPGGA,143857.000,3821.0042,N,12050.7083,W,1,06,1.3,364.9,M,-22.8,M,,0000*6F$GPGSA,A,3,12,02,25,20,24,19,,,,,,,2.1,1.3,1.6*3E$GPRMC,143857.000,A,3821.0042,N,12050.7083,W,47.45,70.52,210821,,,A*7E$GPGGA,143858.000,3821.0085,N,12050.6923,W,1,06,1.3,365.9,M,-22.8,M,,0000*68$GPGSA,A,3,12,02,25,20,24,19,,,,,,,2.1,1.3,1.6*3E$GPRMC,143858.000,A,3821.0085,N,12050.6923,W,47.75,71.37,210821,,,A*79$GPGGA,143859.000,3821.0127,N,12050.6762,W,1,06,1.3,366.9,M,-22.8,M,,0000*68$GPGSA,A,3,12,02,25,20,24,19,,,,,,,2.1,1.3,1.6*3E$GPRMC,143859.000,A,3821.0127,N,12050.6762,W,47.97,71.62,210821,,,A*76$GPGGA,143900.000,3821.0168,N,12050.6601,W,1,06,1.3,367.9,M,-22.8,M,,0000*6B$GPGSA,A,3,12,02,25,20,24,19,,,,,,,2.1,1.3,1.6*3E$GPGSV,3,1,11,12,85,335,35,02,71,046,38,25,49,312,29,20,39,132,37*76$GPGSV,3,2,11,24,21,206,22,19,09,075,32,08,42,045,,28,27,187,*75$GPGSV,3,3,11,23,14,107,,03,12,100,,06,05,056,*4A$GPRMC,143900.000,A,3821.0168,N,12050.6601,W,47.53,71.84,210821,,,A*74$GPGGA,143901.000,3821.0209,N,12050.6441,W,1,06,1.3,368.9,M,-22.8,M,,0000*67$GPGSA,A,3,12,02,25,20,24,19,,,,,,,2.1,1.3,1.6*3E$GPRMC,143901.000,A,3821.0209,N,12050.6441,W,46.84,71.98,210821,,,A*71$GPGGA,143902.000,3821.0248,N,12050.6284,W,1,06,1.3,369.9,M,-22.8,M,,0000*6F$GPGSA,A,3,12,02,25,20,24,19,,,,,,,2.1,1.3,1.6*3E$GPRMC,143902.000,A,3821.0248,N,12050.6284,W,46.50,72.40,210821,,,A*77$GPGGA,143903.000,3821.0287,N,12050.6127,W,1,06,1.3,370.8,M,-22.8,M,,0000*6E$GPGSA,A,3,12,02,25,20,24,19,,,,,,,2.1,1.3,1.6*3E$GPRMC,143903.000,A,3821.0287,N,12050.6127,W,46.33,72.42,210821,,,A*78050.5971,W,1,06,1.3,371.7,M,-22.8,M,,0000*66$GPGSA,A,3,12,02,25,20,24,19,,,,,,,2.1,1.3,1.6*3E$GPRMC,143904.000,A,3821.0325,N,12050.5971,W,46.18,72.32,210821,,,A*70$GPGGA,143905.000,3821.0365,N,12050.5815,W,1,06,1.3,372.7,M,-22.8,M,,0000*63$GPGSA,A,3,12,02,25,20,24,19,,,,,,,2.1,1.3,1.6*3E$GPGSV,3,1,11,12,85,335,35,02,71,046,37,25,49,312,29,20,39,132,36*78$GPGSV,3,2,11,24,21,206,21,19,09,075,33,08,42,045,,28,27,187,*77$GPGSV,3,3,11,23,14,107,,03,12,100,,06,05,056,*4A$GPRMC,143905.000,A,3821.0365,N,12050.5815,W,46.47,72.01,210821,,,A*7C$GPGGA,143906.000,3821.0404,N,12050.5658,W,1,06,1.3,373.5,M,-22.8,M,,0000*64$GPGSA,A,3,12,02,25,20,24,19,,,,,,,2.1,1.3,1.6*3E$GPRMC,143906.000,A,3821.0404,N,12050.5658,W,46.67,72.07,210821,,,A*7C$GPGGA,143907.000,3821.0444,N,12050.5501,W,1,06,1.3,374.3,M,-22.8,M,,0000*6F$GPGSA,A,3,12,02,25,20,24,19,,,,,,,2.1,1.3,1.6*3E$GPRMC,143907.000,A,3821.0444,N,12050.5501,W,46.81,72.15,210821,,,A*7D$GPGGA,143908.000,3821.0483,N,12050.5344,W,1,06,1.3,374.9,M,-22.8,M,,0000*66$GPGSA,A,3,12,02,25,20,24,19,,,,,,,2.1,1.3,1.6*3E$GPRMC,143908.000,A,3821.0483,N,12050.5344,W,47.19,72.37,210821,,,A*7E$GPGGA,143909.000,3821.0522,N,12050.5185,W,1,06,1.3,375.7,M,-22.8,M,,0000*6D$GPGSA,A,3,12,02,25,20,24,19,,,,,,,2.1,1.3,1.6*3E$GPRMC,143909.000,A,3821.0522,N,12050.5185,W,47.20,72.55,210821,,,A*74$GPGGA,143910.000,3821.0561,N,12050.5027,W,1,06,1.3,376.4,M,-22.8,M,,0000*6B$GPGSA,A,3,12,02,25,20,24,19,,,,,,,2.1,1.3,1.6*3E$GPGSV,3,1,11,12,85,335,34,02,71,046,37,25,49,312,29,20,39,132,35*7A$GPGSV,3,2,11,24,21,206,21,19,09,075,33,08,42,045,,28,27,187,*77$GPGSV,3,3,11,23,14,107,,03,12,100,,06,05,056,*4A$GPRMC,143910.000,A,3821.0561,N,12050.5027,W,46.98,72.66,210821,,,A*70$GPGGA,143911.000,3821.0600,N,12050.4869,W,1,06,1.3,377.2,M,-22.8,M,,0000*6A$GPGSA,A,3,12,02,25,20,24,19,,,,,,,2.1,1.3,1.6*3E$GPRMC,143911.000,A,3821.0600,N,12050.4869,W,46.60,72.49,210821,,,A*7C$GPGGA,143912.000,3821.0639,N,12050.4713,W,1,06,1.3,378.1,M,-22.8,M,,0000*6D$GPGSA,A,3,12,02,25,20,24,19,,,,,,,2.1,1.3,1.6*3E$GPRMC,143912.000,A,3821.0639,N,12050.4713,W,45.79,72.33,210821,,,A*71$GPGGA,143913.000,3821.0677,N,12050.4560,W,1,06,1.3,379.0,M,-22.8,M,,0000*60$GPGSA,A,3,12,02,25,20,24,19,,,,,,,2.1,1.3,1.6*3E$GPRMC,143913.000,A,3821.0677,N,12050.4560,W,44.98,72.19,210821,,,A*7A$GPGGA,143914.000,3821.0715,N,12050.4411,W,1,06,1.3,379.7,M,-22.8,M,,0000*62$GPGSA,A,3,12,02,25,20,24,19,,,,,,,2.1,1.3,1.6*3E$GPRMC,143914.000,A,3821.0715,N,12050.4411,W,44.20,72.25,210821,,,A*73$GPGGA,143915.000,3821.0752,N,12050.4263,W,1,06,1.3,380.4,M,-22.8,M,,0000*66$GPGSA,A,3,12,02,25,20,24,19,,,,,,,2.1,1.3,1.6*3E$GPGSV,3,1,11,12,85,335,34,02,71,046,37,25,49,312,29,20,39,132,35*7A$GPGSV,3,2,11,24,21,206,21,19,09,075,33,08,42,045,,28,27,187,*77$GPGSV,3,3,11,23,14,107,,03,12,100,,06,05,056,*4A$GPRMC,143915.000,A,3821.0752,N,12050.4263,W,43.81,72.24,210821,,,A*7F$GPGGA,143916.000,3821.0789,N,12050.4117,W,1,06,1.3,381.1,M,-22.8,M,,0000*67$GPGSA,A,3,12,02,25,20,24,19,,,,,,,2.1,1.3,1.6*3E$GPRMC,143916.000,A,3821.0789,N,12050.4117,W,43.55,72.30,210821,,,A*76$GPGGA,143917.000,3821.0825,N,12050.3971,W,1,06,1.3,381.7,M,-22.8,M,,0000*66$GPGSA,A,3,12,02,25,20,24,19,,,,,,,2.1,1.3,1.6*3E$GPRMC,143917.000,A,3821.0825,N,12050.3971,W,43.38,72.31,210821,,,A*7B$GPGGA,143918.000,3821.0861,N,12050.3826,W,1,06,1.3,382.2,M,-22.8,M,,0000*6C$GPGSA,A,3,12,02,25,20,24,19,,,,,,,2.1,1.3,1.6*3E$GPRMC,143918.000,A,3821.0861,N,12050.3826,W,43.69,72.38,210821,,,A*7A$GPGGA,143919.000,3821.0898,N,12050.3678,W,1,06,1.3,382.8,M,-22.8,M,,0000*64$GPGSA,A,3,12,02,25,20,24,19,,,,,,,2.1,1.3,1.6*3E$GPRMC,143919.000,A,3821.0898,N,12050.3678,W,44.22,72.36,210821,,,A*7E$GPGGA,143920.000,3821.0935,N,12050.3529,W,1,06,1.3,383.3,M,-22.8,M,,0000*65$GPGSA,A,3,12,02,25,20,24,19,,,,,,,2.1,1.3,1.6*3E$GPGSV,3,1,11,12,85,335,34,02,71,046,37,25,49,312,30,20,39,132,35*72$GPGSV,3,2,11,24,21,206,21,19,09,075,33,08,42,045,,28,27,187,*77$GPGSV,3,3,11,23,14,107,,03,12,100,,06,05,056,*4A$GPRMC,143920.000,A,3821.0935,N,12050.3529,W,44.72,72.40,210821,,,A*71$GPGGA,143921.000,3821.0973,N,12050.3378,W,1,06,1.3,383.7,M,-22.8,M,,0000*60$GPGSA,A,3,12,02,25,20,24,19,,,,,,,2.1,1.3,1.6*3E$GPRMC,143921.000,A,3821.0973,N,12050.3378,W,45.30,72.45,210821,,,A*72$GPGGA,143922.000,3821.1011,N,12050.3226,W,1,06,1.3,384.3,M,-22.8,M,,0000*66$GPGSA,A,3,12,02,25,20,24,19,,,,,,,2.1,1.3,1.6*3E$GPRMC,143922.000,A,3821.1011,N,12050.3226,W,45.64,72.32,210821,,,A*76$GPGGA,143923.000,3821.1049,N,12050.3072,W,1,06,1.3,384.8,M,-22.8,M,,0000*62$GPGSA,A,3,12,02,25,20,24,19,,,,,,,2.1,1.3,1.6*3E$GPRMC,143923.000,A,3821.1049,N,12050.3072,W,45.92,72.44,210821,,,A*71$GPGGA,143924.000,3821.1088,N,12050.2917,W,1,06,1.3,385.4,M,-22.8,M,,0000*6E$GPGSA,A,3,12,02,25,20,24,19,,,,,,,2.1,1.3,1.6*3E$GPRMC,143924.000,A,3821.1088,N,12050.2917,W,45.79,72.43,210821,,,A*72$GPGGA,143925.000,3821.1126,N,12050.2763,W,1,06,1.3,385.9,M,-22.8,M,,0000*6A$GPGSA,A,3,12,02,25,20,24,19,,,,,,,2.1,1.3,1.6*3E$GPGSV,3,1,11,12,85,335,34,02,71,046,37,25,49,312,30,20,39,132,35*72$GPGSV,3,2,11,24,21,206,21,19,09,075,33,08,42,045,,28,27,187,*77$GPGSV,3,3,11,23,14,107,,03,12,100,,06,05,056,*4A$GPRMC,143925.000,A,3821.1126,N,12050.2763,W,45.90,72.32,210821,,,A*7A$GPGGA,143926.000,3821.1165,N,12050.2608,W,1,06,1.3,386.6,M,-22.8,M,,0000*6E$GPGSA,A,3,12,02,25,20,24,19,,,,,,,2.1,1.3,1.6*3E,12050.2608,W,46.08,72.42,210821,,,A*77$GPGGA,143927.000,3821.1204,N,12050.2452,W,1,06,1.3,387.2,M,-22.8,M,,0000*63$GPGSA,A,3,12,02,25,20,24,19,,,,,,,2.1,1.3,1.6*3E$GPRMC,143927.000,A,3821.1204,N,12050.2452,W,46.53,72.63,210821,,,A*72$GPGGA,143928.000,3821.1243,N,12050.2295,W,1,06,1.3,387.8,M,-22.8,M,,0000*68$GPGSA,A,3,12,02,25,20,24,19,,,,,,,2.1,1.3,1.6*3E$GPRMC,143928.000,A,3821.1243,N,12050.2295,W,46.96,72.08,210821,,,A*77$GPGGA,143929.000,3821.1285,N,12050.2136,W,1,06,1.3,388.3,M,-22.8,M,,0000*6D$GPGSA,A,3,12,02,25,20,24,19,,,,,,,2.1,1.3,1.6*3E$GPRMC,143929.000,A,3821.1285,N,12050.2136,W,47.58,71.45,210821,,,A*7F$GPGGA,143930.000,3821.1328,N,12050.1976,W,1,06,1.3,389.0,M,-22.8,M,,0000*6E$GPGSA,A,3,12,02,25,20,24,19,,,,,,,2.1,1.3,1.6*3E$GPGSV,3,1,11,12,86,336,33,02,69,045,37,25,51,311,30,20,40,130,36*7A$GPGSV,3,2,11,24,19,206,22,19,08,076,33,08,41,046,,28,28,187,*72$GPGSV,3,3,11,23,13,108,,03,13,099,,06,05,055,*41$GPRMC,143930.000,A,3821.1328,N,12050.1976,W,48.02,70.94,210821,,,A*73$GPGGA,143931.000,3821.1372,N,12050.1816,W,1,06,1.3,389.5,M,-22.8,M,,0000*62$GPGSA,A,3,12,02,25,20,24,19,,,,,,,2.1,1.3,1.6*3E$GPRMC,143931.000,A,3821.1372,N,12050.1816,W,48.34,70.00,210821,,,A*72$GPGGA,143932.000,3821.1419,N,12050.1657,W,1,06,1.3,390.1,M,-22.8,M,,0000*6C$GPGSA,A,3,12,02,25,20,24,19,,,,,,,2.1,1.3,1.6*3E$GPRMC,143932.000,A,3821.1419,N,12050.1657,W,48.49,68.86,210821,,,A*7D$GPGGA,143933.000,3821.1469,N,12050.1498,W,1,06,1.3,390.7,M,-22.8,M,,0000*6D$GPGSA,A,3,12,02,25,20,24,19,,,,,,,2.1,1.3,1.6*3E$GPRMC,143933.000,A,3821.1469,N,12050.1498,W,48.65,67.66,210821,,,A*75$GPGGA,143934.000,3821.1522,N,12050.1340,W,1,06,1.3,391.3,M,-22.8,M,,0000*63$GPGSA,A,3,12,02,25,20,24,19,,,,,,,2.1,1.3,1.6*3E$GPRMC,143934.000,A,3821.1522,N,12050.1340,W,48.90,66.68,210821,,,A*7B$GPGGA,143935.000,3821.1577,N,12050.1182,W,1,06,1.3,392.0,M,-22.8,M,,0000*6E$GPGSA,A,3,12,02,25,20,24,19,,,,,,,2.1,1.3,1.6*3E$GPGSV,3,1,11,12,86,336,33,02,69,045,37,25,51,311,35,20,40,130,37*7E$GPGSV,3,2,11,24,19,206,27,19,08,076,33,08,41,046,,28,28,187,*77$GPGSV,3,3,11,23,13,108,,03,13,099,,06,05,055,*41$GPRMC,143935.000,A,3821.1577,N,12050.1182,W,49.10,65.91,210821,,,A*7A